# Trouble in Terrorist Town weapon/ammo placement overrides
# For map: mor_station254
# Exported by: MMMM(O_O)
setting:	replacespawns 1
need_piss	-3082.965332 -2637.128662 386.556671	-0.059 -0.090 0.082
need_piss	-3129.872314 -2638.787354 386.574188	-0.025 -0.000 0.025
need_piss	-3032.862793 -2634.920898 386.535400	-0.063 -0.033 0.060
need_piss	-3191.585205 -2664.827881 410.128693	-0.126 2.301 3.014
need_piss	-3267.357666 -2664.338867 409.736267	-0.446 -2.891 1.268
need_bed	2022.644165 1726.367310 66.528908	-0.052 -0.029 0.087
need_bed	2024.073853 1673.317383 66.544136	-0.055 -0.000 0.055
need_bed	1887.449463 1737.913208 66.542427	-0.054 0.000 0.058
need_bed	1887.713501 1688.308228 66.555428	-0.043 -0.000 0.043
need_bed	1760.125488 1733.402832 66.520996	-0.077 -0.000 0.077
need_bed	1759.703369 1679.941772 66.528908	-0.069 -0.000 0.069
need_bed	1631.873291 1741.328857 66.564125	0.001 0.092 -0.057
need_bed	1633.098511 1701.625977 66.539764	-0.059 -0.000 0.059
need_bed	1507.258423 1740.333618 66.538857	-0.052 0.000 0.067
need_bed	1508.902710 1698.597046 66.460159	-0.020 -0.002 0.019
need_bed	1510.879639 1174.220215 66.578758	-0.000 -0.216 -0.067
need_bed	1515.623169 1217.154663 66.364716	0.003 -1.813 -0.018
need_bed	1637.319824 1170.390625 66.518723	-0.085 0.010 -0.080
need_bed	1643.036011 1214.387939 66.582153	-0.017 -0.000 0.018
need_bed	1900.070313 1186.058228 66.572853	-0.029 -0.037 0.024
need_bed	1902.745972 1226.828491 66.549728	-0.049 -0.000 0.049
need_bed	2026.301758 1183.037354 66.540665	-0.058 -0.000 0.058
need_bed	2022.990723 1231.380493 65.493454	0.038 -0.004 -0.023
need_bed	1773.362305 1227.541382 66.571602	-0.028 -0.000 0.028
need_bed	1773.362305 1227.541382 68.571602	-0.028 -0.000 0.028
mor_random_ammo	-1299.525635 2054.054932 97.501625	-0.283 -0.603 0.378
mor_random_ammo	-1334.304199 2098.569824 64.352043	-0.053 -0.000 -0.011
mor_random_ammo	-1353.465210 2097.645508 64.370598	-0.090 -0.000 0.044
mor_random_ammo	-1295.591309 986.856018 97.531113	1.733 0.000 2.097
mor_random_ammo	-1297.444946 1022.075134 75.826736	0.131 -0.115 0.169
mor_random_ammo	-1299.639526 862.003540 104.515450	-0.050 0.000 0.013
mor_random_ammo	-1313.048218 850.726685 104.508965	-0.047 0.000 0.020
mor_random_ammo	-1679.140625 1357.086426 64.376190	0.134 0.000 0.101
mor_random_ammo	-1675.039185 1338.140747 64.372749	0.111 0.000 0.071
mor_random_ammo	1398.769531 1651.655762 64.437729	1.272 0.032 1.544
mor_random_ammo	1393.485596 1637.150391 64.372711	0.108 -0.000 -0.068
mor_random_ammo	1385.908203 1260.795288 97.534103	0.581 -0.022 0.707
mor_random_ammo	1365.940430 1262.196289 97.537239	-0.004 -0.910 -0.000
mor_random_ammo	1354.382324 1264.516602 97.528778	-0.217 -0.876 0.016
mor_random_ammo	1380.400269 1268.047485 75.787132	-0.319 0.862 -0.322
mor_random_ammo	1365.134277 1263.193359 136.238937	-0.308 0.169 -0.363
mor_random_ammo	1953.376343 1704.876099 87.786697	0.201 0.065 -0.579
mor_random_ammo	1828.917114 1715.720215 87.766251	0.163 0.037 -0.517
mor_random_ammo	1826.315308 1698.764526 87.852081	0.146 0.050 -0.490
mor_random_ammo	1967.862671 1199.479004 87.795074	0.142 -0.039 0.483
mor_random_ammo	1969.410034 1217.208618 87.848175	-0.181 0.037 0.546
mor_random_ammo	1708.768799 1189.200562 87.743790	0.151 -0.038 0.497
mor_random_ammo	1712.817261 1220.465210 87.960770	-0.038 0.040 0.313
mor_random_ammo	1462.197876 1199.394653 87.751991	-0.207 0.072 0.589
mor_random_ammo	1459.543457 1221.166748 87.895172	-0.138 0.039 0.476
mor_random_ammo	1646.733276 1431.819336 96.346771	0.048 0.000 -0.017
mor_random_ammo	1731.226807 1492.799927 96.332756	0.045 0.000 -0.027
mor_random_ammo	1816.141968 1490.809204 96.379433	0.162 0.001 0.139
mor_random_ammo	1846.872192 1420.338623 96.370956	0.094 0.000 0.051
mor_random_ammo	1884.336304 1491.004883 96.374474	0.115 0.000 0.079
mor_random_ammo	1918.862305 1419.182739 96.392632	0.671 -0.006 -0.764
mor_random_ammo	1962.096191 1428.668945 96.434181	1.119 0.028 1.336
mor_random_ammo	1662.335693 1493.165894 96.335182	0.045 0.000 -0.026
mor_random_ammo	1711.514160 1426.333374 96.388031	0.343 0.002 0.362
mor_random_ammo	1592.815674 1487.210571 96.379456	0.160 0.001 0.136
mor_random_ammo	1583.617554 1433.519409 96.449944	0.842 0.024 1.007
mor_random_ammo	1434.042603 969.697876 104.851212	0.047 0.000 -0.020
mor_random_ammo	2543.167236 -28.867649 96.339996	0.047 0.000 -0.024
mor_random_ammo	2501.311768 -29.657721 96.448677	1.029 0.027 1.250
mor_random_ammo	2459.667236 -30.414530 96.344589	0.049 0.000 -0.019
mor_random_ammo	2417.619873 -31.528612 96.423920	1.512 0.035 1.830
mor_random_ammo	2378.631592 -32.331966 96.346832	0.050 0.000 -0.017
mor_random_ammo	2333.525879 -33.202660 96.353348	0.055 0.000 -0.008
mor_random_ammo	2293.980469 -33.254105 96.372749	0.111 0.000 0.071
mor_random_ammo	2248.679443 -33.233433 96.418694	1.695 0.036 2.059
mor_random_ammo	2212.502441 -32.552616 96.374481	0.123 0.000 0.086
mor_random_ammo	2179.660645 -31.294416 96.389832	0.472 -0.003 -0.519
mor_random_ammo	2188.365723 26.568048 96.430580	1.410 0.033 1.710
mor_random_ammo	2227.303955 27.800974 96.335258	0.047 0.000 -0.027
mor_random_ammo	2266.246338 28.570429 96.393768	0.809 0.008 0.931
mor_random_ammo	2314.191895 28.430319 96.392166	0.625 0.005 0.706
mor_random_ammo	2392.195068 28.579353 96.374481	0.123 0.000 0.086
mor_random_ammo	2484.390625 27.141678 96.351212	0.053 0.000 -0.011
mor_random_ammo	2515.197266 26.936697 96.377846	0.150 0.001 0.121
mor_random_ammo	2551.066650 26.693218 96.379425	0.172 0.001 0.148
mor_random_ammo	2454.207275 27.496880 96.383972	0.243 0.001 0.237
mor_random_ammo	2361.242432 29.277708 96.416061	1.681 0.035 2.035
mor_random_ammo	2291.875244 29.043272 96.430389	1.307 0.032 1.574
mor_random_ammo	2454.581787 269.851166 104.338379	-0.047 -0.000 -0.025
mor_random_ammo	2403.444336 269.484589 104.389786	-0.285 -0.001 0.289
mor_random_ammo	2347.987305 268.175354 104.450851	-1.475 -0.035 1.790
mor_random_ammo	2293.573975 265.807434 104.374710	0.247 0.094 -0.313
mor_random_ammo	2237.922119 274.190735 104.382126	-0.172 -0.001 0.149
mor_random_ammo	2506.689209 274.506500 104.326050	-0.047 -0.000 -0.032
mor_random_ammo	2499.721191 -272.767273 104.362602	-0.068 -0.000 0.013
mor_random_ammo	2452.848633 -264.222626 104.459595	1.815 0.087 -1.676
mor_random_ammo	2396.428955 -271.377045 104.481369	-0.486 -0.019 0.591
mor_random_ammo	2337.192871 -267.277405 104.380226	-0.153 -0.001 0.125
mor_random_ammo	2283.539551 -272.913147 104.349846	-0.051 -0.000 -0.014
mor_random_ammo	2235.962402 -268.930359 104.372551	-0.100 -0.000 0.057
mor_random_ammo	929.487610 605.119019 0.399399	-0.555 0.004 -0.621
mor_random_ammo	916.084412 603.770203 0.338383	-0.047 -0.000 -0.025
mor_random_ammo	368.762024 544.715759 97.498199	0.080 -0.734 0.101
mor_random_ammo	368.898285 571.189514 97.469963	0.443 0.015 0.509
mor_random_ammo	371.671387 488.216888 97.493523	0.302 0.009 0.503
mor_random_ammo	-837.454651 165.581863 97.905426	-0.527 0.698 -1.203
mor_random_ammo	-850.769165 165.578888 97.906563	-0.823 -0.570 -1.659
mor_random_ammo	-880.479065 433.776825 97.482117	0.371 -1.186 0.255
mor_random_ammo	-651.106445 419.041321 64.421776	1.618 0.037 1.965
mor_random_ammo	-654.522339 463.976105 64.361534	0.067 -0.000 -0.012
mor_random_ammo	-2920.709961 387.965271 98.391342	0.063 0.000 0.007
mor_random_ammo	-2916.641602 405.510071 98.344002	0.048 -0.000 0.036
mor_random_ammo	-2923.125977 556.565063 98.463593	1.252 0.031 1.512
mor_random_ammo	-2931.152832 624.195251 98.372894	0.046 0.000 -0.023
mor_random_ammo	-2919.057617 609.373657 98.408356	0.173 -0.001 -0.151
mor_random_ammo	-2912.003906 541.212463 98.398643	0.092 -0.000 -0.047
mor_random_ammo	-2283.611084 947.105408 97.420052	-0.276 0.406 0.269
mor_random_ammo	-2261.516602 943.161682 97.376846	-0.009 0.220 -0.220
mor_random_ammo	-2402.838379 564.539856 95.563759	-0.004 -3.156 0.058
mor_random_ammo	-2405.597412 459.437988 95.513168	-0.473 -5.900 -0.023
mor_random_ammo	-2530.180420 555.832153 95.505424	-0.432 -1.084 -0.024
mor_random_ammo	-2659.552734 430.907196 95.542572	-0.054 -2.838 -0.004
mor_random_ammo	-2776.685059 543.144104 95.468910	0.456 0.311 -1.396
mor_random_ammo	-2784.564697 416.901794 95.526299	-0.928 -0.185 0.003
mor_random_ammo	-1299.525635 2054.054932 97.501625	-0.283 -0.603 0.378
mor_random_ammo	-2465.608887 944.368286 104.417824	1.264 0.032 1.519
mor_random_ammo	-2559.880371 947.091858 104.321014	0.045 0.000 -0.030
mor_random_ammo	-863.761902 -509.258301 104.774452	-0.807 -1.382 -0.772
mor_random_ammo	-802.594055 -387.643372 64.392921	0.725 0.007 0.827
mor_random_ammo	-2672.677246 -718.695679 88.841263	0.072 0.000 0.021
mor_random_ammo	-2694.028320 -781.720642 88.826004	0.049 0.000 -0.015
mor_random_ammo	-2675.603760 -785.343994 88.796616	0.046 0.000 -0.034
mor_random_ammo	-2721.796387 -858.873779 287.545898	0.047 -0.000 0.036
mor_random_ammo	-2641.308594 -858.288574 287.608887	0.139 -0.001 -0.110
mor_random_ammo	-2679.869141 -861.216125 287.568176	0.045 -0.000 0.027
mor_random_ammo	-2580.136719 -924.433716 267.803925	-0.141 -0.184 0.134
mor_random_ammo	-2559.171387 -927.154236 267.696106	-0.578 -0.005 0.592
mor_random_ammo	-2543.214355 -777.680969 290.137482	0.049 0.000 -0.039
mor_random_ammo	-719.097656 -1043.927612 112.609436	0.291 -0.002 -0.301
mor_random_ammo	-709.499146 -1217.938965 112.598228	-0.061 0.000 -0.013
mor_random_ammo	-722.533508 -1217.447144 112.589500	-0.047 0.000 0.009
mor_random_ammo	-2201.839111 -1503.307007 64.363503	0.072 0.000 0.019
mor_random_ammo	-2228.677490 -1503.099731 64.349037	0.051 0.000 -0.014
mor_random_ammo	-2252.807373 -1504.202881 64.353348	0.055 0.000 -0.007
mor_random_ammo	-874.908203 -649.483093 64.365433	0.077 0.000 0.026
mor_random_ammo	-850.576477 -649.748901 64.421143	1.646 0.037 2.000
mor_random_ammo	-809.393799 -649.219910 64.385323	0.282 0.001 0.286
mor_random_ammo	-788.779907 -648.228394 64.363503	0.072 0.000 0.019
mor_random_ammo	-2583.472656 -1304.747314 456.342316	0.048 0.000 -0.022
mor_random_ammo	-2567.850586 -1303.550537 456.385376	0.278 0.001 0.280
mor_random_ammo	-2172.436035 -2319.660156 456.355469	0.057 0.000 -0.004
mor_random_ammo	-2196.862305 -2318.152588 456.374451	0.120 -0.000 -0.082
mor_random_ammo	-3493.270020 -2675.820068 408.786316	0.048 0.000 -0.038
mor_random_ammo	-3477.073730 -2676.335693 408.864380	0.436 0.003 0.477
mor_random_ammo	-3077.886719 -2441.847168 384.320892	-0.047 -0.000 -0.034
mor_random_ammo	-3097.943604 -2445.267578 384.331116	-0.047 -0.000 -0.029
mor_random_ammo	-3163.197998 -2443.339111 384.460693	-1.222 -0.030 1.487
mor_random_ammo	-3179.990967 -2444.934570 384.389801	-0.286 -0.001 0.290
mor_random_ammo	-831.414734 -963.768311 448.365417	0.078 -0.000 -0.027
mor_random_ammo	-812.246094 -961.786621 448.363495	0.072 -0.000 -0.019
mor_random_ammo	-357.184937 -1676.157471 256.355438	0.057 0.000 -0.004
mor_random_ammo	-389.996796 -1679.163208 256.389130	0.415 0.003 0.449
mor_random_ammo	-372.867645 -1017.374329 256.365417	0.078 0.000 0.027
mor_random_ammo	-349.777710 -1021.102905 256.322723	0.047 0.000 -0.033
mor_random_ammo	1217.063354 -2016.307129 472.826019	0.049 0.000 -0.015
mor_random_ammo	1200.226196 -2017.326782 472.786316	0.048 0.000 -0.038
mor_random_ammo	1159.711914 -2207.235352 472.855743	0.177 0.001 0.157
mor_random_ammo	1393.730347 -2016.710327 472.864380	0.437 0.003 0.477
mor_random_ammo	1702.524414 -854.204285 488.896912	0.481 0.003 0.532
mor_random_ammo	1717.142700 -860.212585 488.880341	0.107 0.000 0.068
mor_random_ammo	1724.199463 -1072.796875 481.512421	-0.262 0.019 -0.341
mor_random_ammo	2069.854492 -1674.029297 64.411850	-1.101 -0.015 1.286
mor_random_ammo	2088.016602 -1676.342651 64.389793	-0.286 -0.001 0.290
mor_random_ammo	2210.677734 -1979.906860 64.344589	0.049 0.000 -0.019
mor_random_ammo	2228.511230 -1983.615601 64.322739	0.047 0.000 -0.033
mor_random_ammo	1300.349365 -1998.079712 64.383926	0.250 0.001 0.246
mor_random_ammo	1322.019165 -1996.842041 64.361549	0.068 0.000 0.012
mor_random_ammo	1499.679565 -1308.864990 104.379303	0.172 -0.001 -0.148
mor_random_ammo	1498.386353 -1295.410400 104.361534	0.067 -0.000 -0.012
mor_random_ammo	1762.600708 -1138.351074 97.390701	0.090 -0.061 -0.097
mor_random_ammo	1763.560181 -1157.506592 97.386169	0.336 0.050 0.148
mor_random_ammo	1762.676880 -1211.499146 97.513016	0.022 -0.113 -0.024
mor_random_ammo	1766.131958 -1228.730103 97.508911	0.080 0.059 0.035
mor_random_ammo	1759.823120 -1226.933716 75.749176	0.131 0.212 0.001
mor_random_ammo	1588.658813 -816.832886 64.370987	0.100 0.000 0.056
mor_random_ammo	1578.536865 -816.086426 64.386658	0.321 0.002 0.334
mor_random_ammo	1225.437378 -1441.175903 104.351219	0.053 -0.000 0.011
mor_random_ammo	8.494648 -302.976715 64.414459	1.673 0.035 2.020
mor_random_ammo	25.842648 -298.765900 64.317459	0.047 0.000 -0.035
mor_random_ammo	438.867798 -1143.777832 98.035057	0.054 -0.000 0.007
mor_random_ammo	453.282349 -1146.645386 98.103706	1.557 -0.037 -1.892
mor_random_ammo	444.119446 -1083.340454 98.003120	0.047 0.000 -0.034
mor_random_ammo	330.399231 -1443.140015 104.893608	0.318 0.002 0.332
mor_random_ammo	312.788483 -1446.318726 104.931450	1.446 0.034 1.745
mor_random_ammo	630.457031 -1494.782593 64.342331	0.048 -0.000 0.021
mor_random_ammo	616.668884 -1497.303589 64.342308	0.048 0.000 -0.021
mor_random_ammo	-857.195251 -554.259949 448.379456	0.168 0.001 0.144
mor_random_ammo	-884.223572 -556.222656 448.367310	0.084 0.000 0.035
mor_random_ammo	-1379.397949 -2322.377686 512.338379	-0.047 -0.000 -0.025
mor_random_ammo	-1406.027344 -2323.318604 512.458252	-1.210 -0.030 1.466
mor_random_ammo	757.690002 -2253.568848 448.404327	-0.725 -0.007 0.828
mor_random_ammo	758.355896 -2236.440186 448.343079	-0.048 -0.000 -0.021
mor_random_ammo	818.175354 -1934.066528 448.356354	-0.058 -0.000 -0.003
mor_random_ammo	842.461609 -1933.622559 448.449310	-1.085 -0.027 1.287
mor_random_ammo	1402.682373 -2273.944824 448.369171	0.092 0.000 0.045
mor_random_ammo	1354.910156 -2272.515625 448.349060	0.052 0.000 -0.014
mor_random_ammo	1120.915527 -2145.955078 448.354218	-0.055 -0.000 -0.007
mor_random_ammo	1153.279297 -2146.217529 448.402130	-0.640 -0.005 0.724
mor_random_ammo	1300.662598 -2270.288330 448.431763	1.397 -0.033 -1.699
weapon_medkit	1687.870117 -1040.509644 99.893997	-2.355 1.579 2.477
weapon_medkit	1732.551880 -1051.969849 99.929703	-3.268 0.596 1.912
weapon_medkit	1766.808838 -1217.960938 137.923950	-2.666 -6.250 1.892
weapon_medkit	187.116089 -1670.718628 130.463089	-3.171 -1.556 1.913
weapon_medkit	-1307.767212 -2331.019043 514.106812	-3.398 0.443 1.753
weapon_medkit	-3069.193848 -2449.995605 428.088654	-2.819 -3.318 1.775
weapon_medkit	-347.532318 -425.189636 788.526062	0.000 16.690 0.000
weapon_medkit	-2696.488770 -851.700317 289.320648	-3.109 -1.560 1.913
weapon_medkit	-2624.206543 941.373535 113.153610	-3.343 0.428 1.820
weapon_medkit	447.279724 -1117.759644 99.782532	-3.353 0.426 1.808
weapon_medkit	-878.317139 212.059326 99.152115	-3.352 0.004 1.796
weapon_medkit	2088.821533 1701.049561 89.556259	-3.272 -1.371 1.539
weapon_medkit	2124.509033 -189.956665 138.074463	-0.690 6.397 -0.707
weapon_medkit	2675.770752 131.070969 138.015472	-3.379 -168.322 2.502
weapon_medkit	2646.951660 160.065475 138.059540	-2.648 10.783 1.899
weapon_medkit	863.463013 -2289.044434 487.844696	-3.267 0.829 1.913
weapon_glowstick	802.908997 -2287.822998 485.908051	-2.185 -1.389 -1.195
weapon_glowstick	796.613098 -2282.642822 485.907959	-2.181 -1.389 -1.201
weapon_glowstick	1451.852173 -1958.374023 448.153015	-2.494 -1.231 -1.795
weapon_glowstick	1067.834839 -2296.196777 448.172089	-1.873 -1.400 -1.348
weapon_glowstick	1178.023193 -2533.420898 448.159637	-2.278 -1.303 -1.640
weapon_glowstick	-567.053772 -1553.107666 256.191223	-1.413 -1.484 -0.772
weapon_glowstick	-565.703003 -1532.086304 256.168335	-2.252 -1.362 -1.231
weapon_glowstick	-556.824524 -1171.543091 256.165497	-2.357 -1.358 -1.287
weapon_glowstick	-549.079651 -1142.252197 256.190643	-1.434 -1.484 -0.784
weapon_glowstick	181.497787 -1690.458374 448.152832	-2.822 -1.186 -1.544
weapon_glowstick	1637.468628 -996.847778 465.858093	-0.564 -0.194 -2.495
weapon_glowstick	1694.655640 -1069.993286 482.637238	5.126 14.153 -90.023
weapon_glowstick	1226.676514 -1378.964966 104.164467	-2.389 -1.322 -1.312
weapon_glowstick	1235.547241 -1376.567017 104.162544	-2.464 -1.325 -1.348
weapon_glowstick	1497.832031 -1325.668945 104.180000	-1.824 -1.448 -0.997
weapon_glowstick	1498.331787 -1145.023071 104.150467	-2.909 -1.212 -1.591
weapon_glowstick	1633.322144 -1123.086670 97.260056	-0.075 -0.240 -0.611
weapon_glowstick	1632.652100 -1142.145386 97.250832	-0.723 -1.539 -0.681
weapon_glowstick	1226.380493 -952.748901 64.167572	-2.020 -1.367 -1.453
weapon_glowstick	2614.882568 191.359573 136.181488	-1.770 -1.448 -0.968
weapon_glowstick	2687.297119 118.919334 108.165520	-2.356 -1.358 -1.288
weapon_glowstick	2646.379639 161.138458 108.177902	-1.445 -1.153 -1.364
weapon_glowstick	2652.101563 -155.846161 108.208206	-0.986 -0.007 -0.323
weapon_glowstick	2669.018799 -137.858963 136.177719	-1.908 -1.428 -1.043
weapon_glowstick	2100.820557 -169.239609 108.203697	-0.957 -1.506 -0.523
weapon_glowstick	2061.651855 -130.438690 108.222244	-0.280 -1.515 -0.154
weapon_glowstick	2084.309570 -153.984818 136.162552	-2.465 -1.325 -1.348
weapon_glowstick	2058.578125 -125.328033 136.162552	-2.464 -1.325 -1.348
weapon_glowstick	2072.817139 144.107620 108.121529	-1.930 -1.310 -1.636
weapon_glowstick	2082.113037 153.397049 136.200256	-1.778 -1.214 -0.168
weapon_glowstick	962.253662 632.520447 40.191845	-1.830 -1.019 -0.505
weapon_glowstick	1457.248413 989.292175 64.183609	-1.692 -1.464 -0.925
weapon_glowstick	1094.670044 1431.708252 64.167419	-2.286 -1.367 -1.250
weapon_glowstick	1691.755493 1696.301025 87.638641	-0.485 -0.904 -1.608
weapon_glowstick	1574.984985 1211.756592 130.957947	0.390 0.611 1.254
weapon_glowstick	1958.039917 1210.713623 130.960449	0.294 0.615 1.014
weapon_glowstick	1971.965576 1482.726807 96.139282	-0.973 -1.300 -0.567
weapon_glowstick	1782.918945 1481.545166 96.109238	-1.293 -1.212 -0.753
weapon_glowstick	1618.688721 1420.517700 96.205383	-0.269 -1.369 -0.157
weapon_glowstick	1091.990601 2094.119385 64.167419	-2.286 -1.367 -1.250
weapon_glowstick	-1372.816406 2096.443115 64.171059	-2.152 -1.401 -1.177
weapon_glowstick	-1298.200806 982.586853 75.520126	-1.117 -1.637 -1.154
weapon_glowstick	-748.671387 157.145340 77.749382	-1.018 -0.543 -1.236
weapon_glowstick	201.091125 628.283508 69.165085	-0.394 -1.752 -0.597
weapon_glowstick	-2707.343018 121.543350 83.646996	-0.059 0.768 -0.658
weapon_glowstick	-2924.001221 452.153595 98.214867	-1.434 -1.484 -0.784
weapon_glowstick	-2928.952148 769.796265 104.186256	-1.592 -1.475 -0.874
weapon_glowstick	-2925.398193 779.899780 104.179985	-1.826 -1.448 -0.997
weapon_glowstick	-2250.248535 834.138855 98.679893	20.776 -50.280 -89.614
weapon_glowstick	-2252.166992 821.777527 98.654007	14.775 -54.562 -91.002
weapon_glowstick	-2444.454590 944.842468 104.159302	-1.824 -1.448 -0.997
weapon_glowstick	-854.220520 -462.705688 448.171051	-2.152 -1.401 -1.177
weapon_glowstick	-834.846191 -462.495270 448.195099	-1.272 -1.495 -0.696
weapon_glowstick	-799.585083 -961.225098 448.163544	-2.428 -1.323 -1.328
weapon_glowstick	-884.012817 -2226.740723 256.186310	-1.593 -1.475 -0.871
weapon_glowstick	-728.703308 -1011.718445 112.339760	-1.206 -1.546 -1.428
weapon_glowstick	-2631.412598 -784.079895 88.628365	-2.502 -1.323 -1.368
weapon_glowstick	-2551.813721 -716.675171 289.998535	-1.996 -1.430 -1.091
weapon_glowstick	-2660.122559 -845.352600 287.389069	-0.672 -1.711 -1.024
weapon_glowstick	-2252.397949 -2321.193604 456.190674	-1.434 -1.484 -0.784
weapon_glowstick	-2602.204590 -1310.417725 456.178497	-1.880 -1.442 -1.028
weapon_glowstick	-3065.729492 -1509.499390 64.161530	-2.502 -1.323 -1.368
weapon_glowstick	-3412.011475 -2676.540771 408.640472	-2.057 -1.402 -1.125
weapon_glowstick	-3192.946533 -2448.649414 426.206390	-2.463 -1.349 -0.598
weapon_glowstick	-3054.568359 -2527.781006 403.506042	-48.699 -65.321 -86.253
weapon_glowstick	-3395.448975 -2675.163330 408.634247	-2.286 -1.367 -1.250
weapon_glowstick	183.244034 -1701.006836 448.160492	-2.540 -1.297 -1.389
weapon_glowstick	217.892105 -1769.988647 104.620491	-1.117 -1.329 -1.708
weapon_glowstick	230.533890 -1763.994751 104.617073	-1.151 -1.442 -1.760
weapon_glowstick	596.996033 -1059.010498 64.194023	-1.311 -1.491 -0.717
weapon_glowstick	598.285339 -1068.288940 64.219162	-0.393 -1.514 -0.215
need_wash	785.247009 -2564.356201 450.545258	-0.052 -0.000 0.052
need_wash	784.808044 -2619.111572 450.555634	-0.031 -0.000 0.054
need_wash	785.324158 -2681.292969 450.546875	-0.051 -0.000 0.051
need_wash	786.121277 -2756.097412 450.557617	-0.034 0.002 0.047
need_wash	787.175964 -2819.114746 450.542725	-0.044 -0.002 0.066
need_wash	786.114563 -2874.343994 450.535370	-0.051 -0.002 0.073
need_wash	541.723145 -2555.891846 450.523712	-0.073 -0.000 0.073
need_wash	542.416870 -2612.955566 450.555634	-0.044 -0.036 0.041
need_wash	544.358521 -2680.056885 450.529266	-0.072 -0.002 0.063
need_wash	547.913574 -2745.752441 450.534393	-0.063 -0.000 0.063
need_wash	549.862488 -2813.904053 450.604279	-0.051 -0.050 0.036
need_wash	551.557861 -2875.995605 450.567566	-0.072 -0.058 0.049
need_wash	1141.048584 -2561.513916 450.526001	-0.082 -0.001 0.060
need_wash	1134.527588 -2611.134033 450.552887	-0.055 -0.005 0.035
need_wash	1146.054077 -2686.146973 450.528198	-0.081 -0.058 0.057
need_wash	1143.955078 -2744.916748 450.568604	-0.030 -0.000 0.030
need_wash	1145.138672 -2810.299561 450.467133	-0.092 -0.110 0.038
need_wash	1151.955078 -2871.973877 450.682526	-0.035 -0.058 0.035
need_wash	1362.137329 -2868.208496 450.507507	0.048 4.163 -0.246
need_wash	1359.153198 -2815.253174 450.435547	-0.081 -1.334 -0.103
need_wash	1357.310669 -2746.461914 450.605560	-0.045 -0.104 0.051
need_wash	1358.179932 -2702.579590 450.605377	-0.035 -0.105 0.041
need_wash	1358.475342 -2629.220703 450.489197	-0.153 -0.240 0.185
need_wash	1354.984131 -2571.147461 450.545776	-0.075 -0.044 0.047
need_wash	1358.179932 -2702.579590 452.605377	-0.035 -0.105 0.041
need_wash	1358.475342 -2629.220703 452.489197	-0.153 -0.240 0.185
need_wash	1354.984131 -2571.147461 452.545776	-0.075 -0.044 0.047
need_food	-2906.270264 883.771790 66.540413	-0.072 -0.000 0.072
need_food	-2852.615479 887.046082 66.540413	-0.059 0.006 0.084
need_food	-2792.843750 889.643799 66.576317	-0.241 0.017 -0.166
need_food	-2756.406738 891.028137 66.568878	-0.094 -0.061 0.005
weapon_frag	1728.000000 1328.000000 66.000000	0.000 0.000 0.000
weapon_frag	217.686371 -1758.455322 106.565765	-35.383 -56.284 -89.297
weapon_frag	2130.645996 203.871368 110.265404	12.902 -37.108 -92.642
weapon_frag	2090.936279 163.993683 109.923737	13.450 -28.509 -87.003
weapon_frag	2044.939941 116.611687 110.374130	40.963 -36.768 -91.431
weapon_frag	2121.735107 -194.243759 110.155632	-37.973 -54.656 -92.242
weapon_frag	2077.247803 -147.853790 110.375061	-40.383 -56.772 -97.339
weapon_frag	2043.869263 -114.542946 110.153114	15.509 -55.926 -90.227
weapon_frag	2066.651367 -137.083267 138.150986	13.309 -60.873 -90.681
weapon_frag	2115.287354 192.474884 137.922241	-39.673 -63.833 -87.586
weapon_frag	2099.329346 172.772583 138.151810	13.743 -47.597 -90.595
weapon_frag	2630.574463 177.036789 108.885651	24.511 -8.393 -46.800
weapon_frag	2663.975830 143.403427 109.399864	9.329 -9.582 -73.303
weapon_frag	2685.186279 -123.490273 110.156998	13.711 -31.734 -90.687
weapon_frag	2632.160400 -175.974213 138.096893	13.463 -44.965 -89.770
weapon_frag	2618.723877 -190.351974 110.144943	13.428 -28.750 -90.556
weapon_frag	1420.558472 975.951721 106.180054	34.061 -25.697 -73.233
weapon_frag	-1301.032715 956.767639 99.322510	-38.733 -41.132 -94.447
weapon_frag	-1578.397827 1882.200806 116.399719	-36.042 -56.444 -90.459
weapon_frag	-2464.000000 576.000000 66.000000	0.000 0.000 0.000
weapon_frag	-2412.782715 947.901978 96.204178	31.675 -42.125 -67.593
weapon_frag	-2417.453857 946.762329 95.776886	22.421 179.263 51.515
weapon_frag	-2714.776123 137.044678 85.711601	-37.342 44.848 92.514
weapon_frag	-2553.883545 -730.264954 291.967560	-36.489 -56.001 -91.152
weapon_frag	-2732.349609 -851.187988 289.331268	-35.991 -55.742 -90.251
weapon_frag	-716.430481 -1153.506226 66.157722	-36.694 -55.789 -91.474
weapon_frag	-716.306213 -1165.592896 66.151848	-36.604 -55.880 -91.332
weapon_frag	-2228.647705 -2314.556641 458.188934	-37.170 -55.292 -92.235
weapon_frag	-3354.576904 -2656.587646 430.530304	14.163 -42.698 -89.775
weapon_frag	-3057.524658 -1500.927490 66.082130	-35.539 -56.914 -89.695
weapon_frag	-3056.463135 -1511.065552 66.079086	-35.493 -56.959 -89.625
weapon_frag	-561.676819 -2189.237305 282.121796	-35.695 -55.988 -89.811
weapon_frag	830.319458 -2288.700195 487.867218	-36.260 -56.230 -90.794
weapon_frag	1764.943726 -1071.306152 483.019348	-36.567 58.865 87.420
weapon_frag	1635.562378 -1123.021606 75.629036	-0.121 -2.987 0.511
mor_random_weapon	-1296.239380 2063.142334 98.295692	1.316 -5.332 -93.925
mor_random_weapon	-1296.020996 2086.390869 98.323288	0.954 -6.825 -94.966
mor_random_weapon	-1295.938354 973.401245 98.297836	1.331 -13.301 -93.845
mor_random_weapon	-1295.825684 1035.575806 98.001045	7.777 -5.869 -23.547
mor_random_weapon	-1295.969727 1047.776367 98.301384	1.328 -8.511 -93.876
mor_random_weapon	-1702.476318 1339.589478 65.238319	1.442 4.666 -93.590
mor_random_weapon	1949.996460 1454.273315 97.162933	2.237 5.677 -91.980
mor_random_weapon	1883.599854 1451.460327 97.216248	1.671 5.718 -93.144
mor_random_weapon	1812.527954 1446.661987 97.167946	2.184 5.689 -92.089
mor_random_weapon	1749.695435 1456.137939 97.182289	2.032 5.705 -92.402
mor_random_weapon	1696.660034 1456.488892 97.216248	1.671 5.718 -93.144
mor_random_weapon	1634.053833 1455.160156 97.222694	1.602 5.720 -93.285
mor_random_weapon	1366.545898 1644.368164 65.192848	1.955 4.721 -92.414
mor_random_weapon	1936.912354 1485.379883 97.173805	2.122 5.695 -92.217
mor_random_weapon	1751.970459 1433.840454 97.174919	2.110 5.694 -92.241
mor_random_weapon	1430.244751 982.998352 105.658295	1.308 4.360 -94.252
mor_random_weapon	2529.280518 -268.352325 105.196007	1.323 4.855 -94.078
mor_random_weapon	2478.134766 -265.456909 105.271561	1.676 6.590 -95.282
mor_random_weapon	2433.688965 -267.565247 105.247803	1.326 9.501 -93.882
mor_random_weapon	2311.462891 -265.414276 105.141365	1.323 4.337 -94.044
mor_random_weapon	2262.462402 -263.828766 105.179863	1.999 5.842 -94.340
mor_random_weapon	2209.936279 -269.042938 105.209297	1.672 5.987 -94.594
mor_random_weapon	2527.182617 268.338623 105.122864	2.359 6.284 -91.050
mor_random_weapon	2480.417725 266.217102 105.229698	1.539 4.617 -93.366
mor_random_weapon	2427.908203 265.832001 105.226997	1.370 4.762 -93.526
mor_random_weapon	2380.224609 265.287811 105.201324	1.860 4.716 -92.633
mor_random_weapon	2324.850342 264.641907 105.214043	1.716 5.090 -92.961
mor_random_weapon	2264.293945 263.912689 105.196877	1.910 4.719 -92.518
mor_random_weapon	2214.847412 266.803497 105.236588	1.457 4.358 -93.568
mor_random_weapon	2371.655029 -267.016418 105.194496	1.936 4.720 -92.457
mor_random_weapon	2552.137939 -0.118846 97.235680	1.472 4.672 -93.521
mor_random_weapon	2477.868896 -1.056724 97.219261	1.657 4.697 -93.096
mor_random_weapon	2395.602295 -2.513631 97.183716	1.447 4.820 -92.877
mor_random_weapon	2335.777100 -3.276538 97.204079	1.829 4.714 -92.703
mor_random_weapon	2264.386230 -4.069099 97.201332	1.860 4.716 -92.633
mor_random_weapon	2204.031494 -5.256476 97.232773	1.504 4.676 -93.446
mor_random_weapon	921.632629 588.193665 1.154123	2.296 -0.248 -91.524
mor_random_weapon	367.550995 472.939728 98.299339	1.330 0.821 -93.842
mor_random_weapon	367.614899 458.940582 98.298073	1.348 2.861 -93.801
mor_random_weapon	-780.289246 167.438034 98.581573	2.083 4.644 -90.861
mor_random_weapon	-880.365601 451.316742 98.302452	1.329 6.079 -93.981
mor_random_weapon	-880.320801 541.695679 98.275360	1.270 7.668 -94.134
mor_random_weapon	-880.391541 564.927368 98.278084	1.213 2.283 -94.558
mor_random_weapon	-656.842041 444.130829 65.207108	1.794 3.954 -92.782
mor_random_weapon	-2921.421875 652.394653 99.257225	1.502 4.676 -93.452
mor_random_weapon	-2918.199219 515.343262 99.228958	1.821 4.713 -92.721
mor_random_weapon	-2921.457031 347.482361 99.250000	1.584 4.687 -93.265
mor_random_weapon	-2370.552246 939.852051 105.220032	1.414 4.662 -93.652
mor_random_weapon	-2256.779541 525.624207 99.238464	1.714 4.909 -92.966
mor_random_weapon	-2260.307617 481.559357 99.236153	1.740 4.706 -92.906
mor_random_weapon	-2775.900635 769.893555 105.239418	1.429 4.664 -93.618
mor_random_weapon	-2275.140869 767.452759 105.201324	1.860 4.716 -92.633
mor_random_weapon	-723.200012 -546.721252 98.299980	1.292 3.410 -94.132
mor_random_weapon	-2772.010254 -679.759644 65.218826	1.662 4.698 -93.085
mor_random_weapon	-2777.236328 -809.071472 65.231071	1.524 4.680 -93.402
mor_random_weapon	-2558.608887 -670.339111 291.016479	1.951 3.170 -92.424
mor_random_weapon	-2564.697998 -929.793945 290.294250	1.318 3.982 -93.898
mor_random_weapon	-719.987366 -1022.779785 113.420418	1.786 4.774 -92.801
mor_random_weapon	-721.227051 -1199.044800 113.441727	1.545 4.757 -93.353
mor_random_weapon	-2194.976074 -1479.119751 65.218376	1.667 4.698 -93.073
mor_random_weapon	-864.461365 -667.437500 65.202721	1.844 4.715 -92.669
mor_random_weapon	-810.871399 -663.695984 65.192848	1.955 4.721 -92.414
mor_random_weapon	-2575.026855 -1286.972656 457.220551	1.643 4.695 -93.129
mor_random_weapon	-2182.749512 -2302.075439 457.210266	1.759 4.707 -92.863
mor_random_weapon	-3443.365234 -2674.395752 409.688660	1.597 5.717 -93.354
mor_random_weapon	-3130.889404 -2448.218994 427.717834	-1.554 -2.119 84.888
mor_random_weapon	-3232.116699 -2448.395508 385.227661	1.562 4.984 -93.313
mor_random_weapon	-822.088501 -942.005188 449.218811	1.662 4.698 -93.085
mor_random_weapon	-365.759003 -1653.918823 257.199158	1.884 4.717 -92.576
mor_random_weapon	-408.840607 -1029.102905 257.204742	1.821 4.713 -92.720
mor_random_weapon	1159.197510 -2016.881714 473.672852	1.807 4.712 -92.754
mor_random_weapon	1195.036377 -2209.000732 473.698639	1.515 4.678 -93.421
mor_random_weapon	1350.833374 -2206.207275 473.641479	2.116 5.547 -91.403
mor_random_weapon	1399.163696 -2208.299561 473.692932	1.580 4.687 -93.273
mor_random_weapon	1675.495239 -1065.400146 482.291168	1.361 3.943 -93.787
mor_random_weapon	1747.444946 -1065.140381 482.290344	1.327 4.029 -93.824
mor_random_weapon	2074.112061 -1689.348267 65.213531	1.722 4.704 -92.948
mor_random_weapon	1233.577881 -1515.087646 105.650658	-2.081 10.816 84.501
mor_random_weapon	1326.064697 -1979.149536 65.217400	1.678 4.989 -93.048
mor_random_weapon	1504.075317 -1219.651367 105.215546	0.995 1.072 -93.807
mor_random_weapon	1359.719116 -1087.844482 65.225388	1.588 4.986 -93.255
mor_random_weapon	1355.766968 -1357.358765 65.215973	1.694 4.986 -93.011
mor_random_weapon	1576.680542 -1350.572388 105.233444	1.497 4.676 -93.463
mor_random_weapon	1667.129395 -1044.138672 99.033745	1.753 4.707 -92.878
mor_random_weapon	1714.990234 -1043.425781 99.043037	1.648 4.695 -93.118
mor_random_weapon	1756.745483 -1048.012695 99.025642	1.844 4.715 -92.669
mor_random_weapon	1583.054932 -797.186646 65.227829	1.560 4.092 -93.318
mor_random_weapon	18.516916 -283.147034 65.203407	1.836 4.714 -92.686
mor_random_weapon	447.228210 -1167.824463 98.879799	1.829 4.714 -92.704
mor_random_weapon	441.767120 -1099.353882 98.879799	1.829 4.714 -92.704
mor_random_weapon	317.624939 -1428.592041 105.734024	1.518 4.755 -93.415
mor_random_weapon	623.208069 -1475.343872 65.212418	1.735 4.167 -92.919
mor_random_weapon	-822.753662 -552.766357 449.217468	1.678 4.700 -93.049
mor_random_weapon	-1346.093140 -2324.244385 513.205383	1.814 4.712 -92.737
mor_random_weapon	765.911865 -2279.294678 449.213989	1.717 4.982 -92.959
mor_random_weapon	785.614075 -1938.687866 449.223969	1.604 4.987 -93.218
info_alien_spawn	-382.499695 -506.583893 1220.542236	-0.070 -0.000 0.070
info_alien_spawn	-511.362000 -493.971680 1220.541260	-0.071 -0.000 0.071
info_alien_spawn	-485.705841 -401.040253 1220.538574	-0.074 -0.000 0.074
info_alien_spawn	-476.728210 -327.501892 1220.570190	-0.036 -0.000 0.036
info_alien_spawn	-480.785950 -239.112732 1220.560913	-0.047 -0.000 0.047
info_alien_spawn	-485.143219 -184.284851 1220.542236	-0.070 -0.000 0.070
info_alien_spawn	-378.161072 -202.414536 1220.573975	-0.031 -0.000 0.032
info_alien_spawn	-395.237671 -246.352280 1220.528564	-0.086 -0.000 0.086
info_alien_spawn	-398.524750 -309.787598 1220.528564	-0.086 -0.000 0.086
info_alien_spawn	-387.108063 -357.554443 1220.521851	-0.094 -0.000 0.095
info_alien_spawn	-386.495880 -420.726929 1220.525269	-0.090 -0.000 0.090
info_alien_spawn	-294.875549 -400.706665 1220.524170	-0.092 -0.000 0.092
info_alien_spawn	-278.722870 -343.983063 1220.520630	-0.096 -0.000 0.096
info_alien_spawn	-306.486511 -286.920898 1220.541260	-0.071 -0.000 0.071
info_alien_spawn	-307.734039 -227.577713 1220.535767	-0.078 -0.000 0.078
info_alien_spawn	-251.699432 -186.196823 1220.537720	-0.075 -0.000 0.075
info_alien_spawn	-197.257446 -211.473206 1220.551025	-0.059 -0.000 0.059
info_alien_spawn	-201.199249 -287.642212 1220.576172	-0.028 -0.000 0.029
info_alien_spawn	-176.377563 -379.052673 1220.530762	-0.084 -0.000 0.084
info_alien_spawn	-249.739700 -434.271240 1220.531738	-0.082 -0.000 0.082
info_alien_spawn	-228.197556 -354.631683 1220.530762	-0.084 -0.000 0.084
info_alien_spawn	-243.328674 -267.754639 1220.544800	-0.067 -0.000 0.067
info_alien_spawn	-476.594238 -584.938232 1220.534790	-0.079 -0.000 0.079
info_alien_spawn	-338.913391 -428.889069 1220.551025	-0.059 -0.000 0.059
info_alien_spawn	-302.704346 -563.970520 1220.551025	-0.059 -0.000 0.059
info_alien_spawn	-467.705566 -457.956146 1220.537720	-0.075 -0.000 0.075
info_alien_spawn	-409.112488 -585.468018 1220.571899	-0.034 -0.000 0.034
player_start	-2839.138916 326.295074 64.543892	-0.068 -0.000 0.068
player_start	-2850.101074 511.028473 64.559097	-0.049 -0.000 0.049
player_start	-2848.866699 659.602051 64.533783	-0.080 -0.000 0.080
player_start	-2587.748779 338.167969 64.535751	-0.078 -0.000 0.078
player_start	-2586.041016 485.619141 64.567352	-0.039 -0.000 0.039
player_start	-2594.133057 654.231445 64.549507	-0.061 -0.000 0.061
player_start	-2326.742920 297.159241 64.541298	-0.071 -0.000 0.071
player_start	-2326.378174 465.732910 64.555237	-0.054 -0.000 0.054
player_start	-2326.547852 633.109131 64.527519	-0.088 -0.000 0.088
player_start	-2367.555664 862.919128 64.538589	-0.074 -0.000 0.074
player_start	-2530.493164 848.686584 64.533783	-0.080 -0.000 0.080
player_start	-2694.939209 828.713745 64.564804	-0.042 -0.000 0.042
player_start	-2839.376953 824.753540 64.564278	-0.043 -0.000 0.043
player_start	-2764.317139 151.906784 64.559708	-0.049 -0.000 0.049
player_start	-2873.050781 44.518234 64.554558	-0.055 -0.000 0.055
player_start	-3401.383545 -2594.317627 384.561859	-0.036 -0.000 0.036
player_start	-3513.599365 -2599.268066 384.549225	0.049 0.000 0.049
player_start	-3393.642578 -2486.721436 384.552185	-0.046 -0.000 0.046
player_start	-3500.518555 -2490.034424 384.569550	0.029 0.000 0.029
player_start	-3100.508301 -2535.856934 384.533417	-0.064 -0.000 0.064
player_start	-3220.313721 -2542.368164 384.526001	-0.071 -0.000 0.071
player_start	2005.930542 1586.695190 64.554070	-0.045 -0.000 0.045
player_start	1907.720825 1582.382080 64.534065	-0.064 -0.000 0.064
player_start	1781.742676 1584.348389 64.532051	-0.066 -0.000 0.066
player_start	1693.651367 1580.270996 64.534065	-0.064 -0.000 0.064
player_start	1603.185913 1570.890747 64.548965	-0.050 -0.000 0.050
player_start	1520.301147 1555.950562 64.528908	-0.069 -0.000 0.069
player_start	2022.805908 1333.037476 64.556747	-0.042 -0.000 0.042
player_start	1914.568604 1360.471802 64.545792	-0.053 -0.000 0.053
player_start	1816.464844 1368.859131 64.577995	-0.021 -0.000 0.022
player_start	1726.434570 1368.871704 64.520996	-0.077 -0.000 0.077
player_start	1629.240112 1365.699097 64.548187	-0.051 -0.000 0.051
player_start	1519.501953 1375.809692 64.523346	-0.075 -0.000 0.075
player_start	1304.988281 1525.950317 64.577896	-0.027 -0.000 0.026
player_start	1307.332397 1389.855591 64.538589	-0.074 -0.000 0.074
player_start	1192.331909 1354.431641 64.528603	-0.086 -0.000 0.086
player_start	1151.216064 1530.324951 64.542183	-0.070 -0.000 0.070
player_start	1316.034912 -1539.332153 64.533401	-0.064 -0.000 0.064
player_start	1303.737671 -1401.257324 64.521385	-0.075 -0.000 0.075
player_start	1275.523682 -1300.386597 64.547661	-0.050 -0.000 0.050
player_start	1263.925903 -1220.777222 64.538231	-0.059 -0.000 0.059
player_start	1296.510620 -1098.581177 64.540062	-0.057 -0.000 0.057
player_start	1379.939941 -1028.486084 64.538231	-0.059 -0.000 0.059
player_start	1457.062622 -1069.641968 64.550720	-0.047 -0.000 0.047
player_start	1548.768921 -1078.927490 64.546867	-0.051 -0.000 0.051
player_start	1558.844116 -1230.529663 64.557602	-0.040 -0.000 0.040
player_start	1389.416138 -1510.947632 64.550720	-0.047 -0.000 0.047
player_start	1450.191284 -1432.921997 64.538231	-0.059 -0.000 0.059
player_start	1445.887085 -1269.401733 64.558861	-0.039 -0.000 0.039
player_start	1447.598877 -1183.769653 64.535378	-0.062 -0.000 0.062
player_start	1361.054810 -2055.234619 448.530304	-0.067 -0.000 0.067
player_start	1178.689331 -2060.278564 448.569550	-0.029 -0.000 0.029
player_start	1336.588623 -2170.100342 448.518982	-0.078 -0.000 0.078
player_start	1219.487549 -2176.681152 448.546051	-0.052 -0.000 0.052
player_start	1011.744690 -2033.330811 448.542725	-0.055 -0.000 0.055
player_start	995.902100 -2193.019775 448.540070	-0.057 -0.000 0.057
player_start	849.196838 -2186.229004 448.566162	-0.032 -0.000 0.032
player_start	872.558899 -2052.894531 448.556976	-0.041 -0.000 0.041
player_start	940.951965 -2063.072021 448.526001	-0.071 -0.000 0.071
player_start	926.265076 -2159.984375 448.546875	-0.051 -0.000 0.051
