# morbus weapon/ammo placement overrides - Thank TTT for this lua code
# For map: mor_alphastation_b4_re
# Exported by: Demonkush ( ͡° ͜ʖ ͡°)
setting:	replacespawns 1
weapon_mor_ump	-2473.895264 183.185410 96.777672	-0.557 -18.481 88.816
weapon_mor_ka47	790.105835 1615.085083 97.467834	-0.695 -23.000 -84.731
weapon_mor_sc7	-2424.580322 180.973907 97.288162	0.398 -4.824 87.043
need_piss	-1146.990112 1843.226929 109.907509	0.000 -92.260 43.085
need_piss	-1149.072266 1737.147583 106.948837	0.069 89.330 -36.396
need_piss	-1153.620605 1631.818848 105.148956	-0.145 86.553 -32.926
need_piss	-1153.448608 1534.254272 106.343788	-0.145 88.806 -35.225
need_piss	-1164.691162 1429.346558 82.241173	-0.127 1.691 0.000
need_piss	-1155.606445 1339.676880 103.001846	0.146 -87.448 28.992
need_piss	-1168.644897 1226.867188 82.273529	-0.048 -1.861 0.000
need_piss	-700.201538 1632.678711 104.613220	-0.154 82.340 31.905
need_piss	-694.358398 1533.538452 103.584801	-0.108 86.629 29.991
need_piss	-700.943604 1429.688721 103.481766	-0.100 90.948 29.802
need_piss	-709.842468 1325.643066 105.901733	-0.067 90.991 34.283
need_piss	-707.280029 1223.509521 107.114258	-0.000 -90.151 -36.680
need_piss	-698.334167 1730.767578 103.831856	-0.118 87.878 30.440
need_piss	-708.633362 1846.621948 109.406120	0.000 96.259 41.835
mor_random_ammo	1352.598633 1537.183960 109.742508	-47.160 178.739 -161.617
mor_random_ammo	1331.367676 1541.996948 97.729591	-0.727 140.413 89.999
mor_random_ammo	1350.417603 1506.780640 107.591232	-44.380 -179.989 -179.229
mor_random_ammo	1330.106812 1417.508667 97.724197	-0.892 131.294 90.007
mor_random_ammo	1322.789917 1459.660034 95.359543	0.063 -0.000 -0.006
mor_random_ammo	1326.878906 1438.289429 95.390198	0.479 0.003 0.528
mor_random_ammo	1313.360107 1436.489990 95.393547	1.434 -0.024 -1.691
mor_random_ammo	1310.929688 1555.513794 95.392952	0.719 0.007 0.821
mor_random_ammo	1314.414673 1518.513306 95.349037	0.051 0.000 -0.014
mor_random_ammo	1330.028320 1736.024658 95.342308	0.048 0.000 -0.021
mor_random_ammo	1323.451050 1852.774170 95.343063	-0.048 -0.000 -0.021
mor_random_ammo	1328.454834 1834.083618 95.387619	0.363 -0.002 -0.385
mor_random_ammo	1316.495239 1242.742310 95.367310	0.084 0.000 0.035
mor_random_ammo	-1145.012695 -573.252686 132.394791	1.260 0.019 1.479
mor_random_ammo	-1164.012085 -587.964722 132.346832	0.050 0.000 -0.017
mor_random_ammo	-1619.774292 -617.037598 64.318207	-0.047 -0.000 -0.035
mor_random_ammo	-1589.559570 -600.429688 64.382133	-0.173 -0.001 0.149
mor_random_ammo	-1555.528687 -973.060425 64.363503	0.072 0.000 0.019
mor_random_ammo	-1715.724609 -988.001282 64.340744	-0.048 -0.000 -0.023
mor_random_ammo	-1705.387573 -959.347290 64.364639	-0.073 -0.000 0.020
mor_random_ammo	-1761.081177 -693.654236 432.391754	-0.325 -0.002 0.338
mor_random_ammo	-1729.965942 -669.741333 432.380890	0.190 -0.001 -0.172
mor_random_ammo	-2310.484375 -2183.731689 64.328598	-0.047 -0.000 -0.031
mor_random_ammo	-2311.968262 -2222.045654 64.404388	-0.732 -0.007 0.837
mor_random_ammo	-1000.890381 -2028.405518 64.325317	0.047 0.000 -0.032
mor_random_ammo	-975.221069 -2022.029785 64.443642	1.082 0.028 1.308
mor_random_ammo	-323.286804 -2006.449829 64.342308	0.048 0.000 -0.021
mor_random_ammo	189.285599 -2391.264648 64.420425	1.590 -0.042 -1.927
mor_random_ammo	586.812866 -2087.457031 64.385925	-0.219 -0.001 0.207
mor_random_ammo	1378.131348 -2260.999756 64.337639	0.047 0.000 -0.025
mor_random_ammo	2467.350098 -1590.679932 64.372765	0.107 0.000 0.067
mor_random_ammo	2477.729248 -2385.510986 -191.632721	0.084 -0.000 -0.035
mor_random_ammo	1948.162231 -2494.831299 -191.630844	0.092 0.000 0.046
mor_random_ammo	1998.286621 -2499.467529 -191.644547	0.057 0.000 -0.004
mor_random_ammo	1626.746704 -2128.867920 -123.630836	0.091 0.000 0.045
mor_random_ammo	2172.722168 -1607.768311 -191.660004	0.047 0.000 -0.023
mor_random_ammo	2143.260986 -1621.520752 -191.672150	0.047 0.000 -0.031
mor_random_ammo	2207.274414 -1210.422974 -175.612061	0.364 0.002 0.387
mor_random_ammo	-1865.760010 381.568176 64.376183	0.136 0.000 0.103
mor_random_ammo	-921.379272 1670.217285 68.344612	0.049 -0.000 0.019
mor_random_ammo	-1385.269043 1877.919312 64.370590	-0.091 -0.000 0.045
mor_random_ammo	148.870255 2472.632080 116.010857	0.051 -0.000 0.011
mor_random_ammo	1829.486328 845.830688 104.367310	0.084 0.000 0.035
mor_random_ammo	1986.081543 631.627625 148.689987	0.055 0.000 -0.001
mor_random_ammo	1988.637695 695.982300 64.385345	0.279 0.001 0.281
mor_random_ammo	1166.979492 307.479858 64.394836	1.449 0.025 1.709
mor_random_ammo	2252.579102 401.416687 64.361542	0.067 0.000 0.012
mor_random_ammo	2261.986084 -595.217896 64.423912	1.492 -0.034 -1.806
mor_random_ammo	2094.646729 -1394.059326 64.365425	0.077 0.000 0.026
mor_random_ammo	1911.139404 -2362.103760 136.337524	0.297 -0.075 0.017
mor_random_ammo	1581.834717 -2030.352295 64.337631	0.047 0.000 -0.025
mor_random_ammo	398.075623 -2259.816162 64.370605	-0.092 -0.000 0.046
mor_random_ammo	344.442078 -1515.974854 64.367317	0.083 0.000 0.035
mor_random_ammo	1310.576538 -801.231079 96.423996	1.513 0.035 1.830
mor_random_ammo	1308.639648 -827.912048 96.365425	0.078 0.000 0.027
mor_random_ammo	1803.623169 -1070.117920 96.351212	0.053 0.000 -0.011
mor_random_ammo	1490.572388 -331.716675 96.358467	-0.060 -0.000 0.002
mor_random_ammo	1520.027588 -326.973419 96.393700	-0.369 -0.002 0.392
mor_random_ammo	1319.414795 -350.070007 96.404404	-0.734 -0.007 0.838
mor_random_ammo	1756.028809 -356.635223 96.406616	-0.822 -0.009 0.947
mor_random_ammo	1383.110596 -837.290710 96.372757	0.110 0.000 0.070
mor_random_ammo	352.024139 -1297.564819 64.359550	0.063 0.000 0.006
weapon_mor_r22	163.494400 2402.639404 65.597229	-1.294 -1.050 87.706
weapon_mor_r22	-2003.213745 -2242.548584 133.567032	-1.122 -1.218 87.784
item_ammo_smg1_mor	860.155457 1592.600342 96.469673	-0.045 0.067 -0.397
item_ammo_smg1_mor	875.589111 1592.592285 96.488464	-0.022 0.117 -0.304
item_ammo_smg1_mor	2512.499756 142.381516 64.511963	-0.305 0.012 -0.258
item_ammo_smg1_mor	2492.209229 143.747253 64.476105	0.558 -0.075 0.254
item_ammo_smg1_mor	-2476.852539 205.227188 96.413513	-0.298 0.005 0.188
item_ammo_smg1_mor	-2441.778809 209.081314 96.507523	0.477 -0.012 -0.379
item_ammo_smg1_mor	-2249.652588 597.991760 64.497566	0.295 0.003 0.594
item_ammo_smg1_mor	-2250.047607 572.234009 64.476784	0.553 -0.014 0.242
item_ammo_smg1_mor	-1006.367432 -374.070587 64.424423	0.529 -0.004 0.343
item_ammo_smg1_mor	-1020.870178 -375.639954 64.415756	-0.333 0.005 0.212
item_ammo_smg1_mor	-2529.875244 -1408.276123 416.420135	0.426 -0.004 0.274
item_ammo_smg1_mor	-2530.441162 -1373.739502 416.430573	0.758 -0.002 0.496
item_ammo_smg1_mor	-2530.731201 -1313.034424 416.497833	-0.866 -0.013 -0.643
item_ammo_smg1_mor	-2532.913574 -1345.133667 416.437042	1.109 -0.002 -0.731
item_ammo_smg1_mor	-2508.418945 -1310.324585 416.516754	-0.246 0.014 -0.215
item_ammo_smg1_mor	-2511.714355 -1332.745728 416.420135	0.420 0.004 -0.270
item_ammo_smg1_mor	155.663162 -2323.971924 64.408905	-0.239 0.005 0.149
item_ammo_smg1_mor	185.718460 -2320.809570 64.533173	-0.377 -0.278 0.439
item_ammo_smg1_mor	-302.691559 -1689.804688 64.523300	-0.218 0.015 -0.189
item_ammo_smg1_mor	-303.497284 -1713.360107 64.411224	0.269 -0.005 0.169
item_ammo_smg1_mor	2505.974854 -1864.667969 -191.593445	0.214 -0.005 0.132
item_ammo_smg1_mor	2487.240967 -1862.250488 -191.493698	-0.534 0.011 -0.419
item_ammo_smg1_mor	1620.559326 -2246.298584 -191.516541	-0.376 -0.001 -0.368
item_ammo_smg1_mor	1640.845459 -2243.030518 -191.573502	0.594 -0.003 0.387
item_ammo_smg1_mor	1600.694336 -2468.239014 64.413506	0.298 -0.005 0.188
item_ammo_smg1_mor	1600.509155 -2447.396240 64.413506	0.301 -0.005 0.191
item_ammo_smg1_mor	2482.359863 -1791.403564 64.422302	0.474 -0.004 0.306
item_ammo_smg1_mor	1201.966553 -18.722702 64.480103	-0.211 -0.000 0.022
item_ammo_smg1_mor	-416.523773 271.992340 132.394241	0.122 -0.005 0.070
item_ammo_smg1_mor	-398.534210 271.475189 132.483704	-0.792 0.003 -0.638
item_ammo_smg1_mor	297.265808 405.515198 64.426506	0.601 -0.003 0.392
item_ammo_smg1_mor	-1595.665771 861.707947 16.422302	-0.474 0.004 0.306
item_ammo_smg1_mor	166.464050 2376.496826 64.417969	0.376 -0.005 0.241
item_ammo_smg1_mor	1185.506104 753.449524 96.498482	0.271 -2.355 -0.214
item_ammo_smg1_mor	1200.975708 754.935913 96.406563	-0.214 0.005 0.132
item_ammo_smg1_mor	1170.551880 395.178009 96.481583	-0.083 -0.002 -0.173
item_ammo_smg1_mor	1204.915283 396.263031 96.408913	0.240 -0.005 0.149
item_ammo_smg1_mor	1653.305420 -349.303406 96.497871	0.865 0.013 -0.646
item_ammo_smg1_mor	-1216.482544 -8.055168 64.430595	-0.743 0.002 0.487
item_ammo_smg1_mor	-1235.492310 -5.889816 64.413506	-0.300 0.005 0.190
item_ammo_smg1_mor	-2095.264160 1383.512329 64.394249	0.122 -0.005 0.070
item_ammo_smg1_mor	-2158.475586 1990.024048 64.476143	0.557 -0.014 0.247
item_ammo_smg1_mor	-2133.727783 2008.737427 64.512367	-0.289 0.012 -0.249
item_ammo_smg1_mor	-1625.572998 2478.552490 64.500313	-0.840 0.012 -0.630
item_ammo_smg1_mor	-1638.332886 2480.561768 64.389061	0.098 -0.005 0.053
item_ammo_smg1_mor	-2014.634521 -2272.504639 132.411224	0.269 -0.005 0.169
item_ammo_smg1_mor	-1868.207764 -1771.600586 64.413506	-0.301 0.005 0.191
item_ammo_smg1_mor	378.331238 -1298.511230 64.516785	-0.247 0.014 -0.215
mor_random_rifle	-697.789307 964.177307 64.866257	2.093 -5.688 83.880
mor_random_rifle	-1373.681763 1221.013916 64.881439	1.647 -5.184 84.285
mor_random_rifle	1974.481812 -1651.320068 -139.486053	2.117 -5.692 83.899
mor_random_rifle	333.012177 255.259247 64.862122	2.145 -5.699 83.921
mor_random_rifle	-2355.723145 180.274460 96.820625	2.049 -5.730 83.468
mor_random_rifle	-2487.656494 -124.830467 64.864212	2.118 -5.692 83.900
mor_random_rifle	-2007.272705 2341.611816 92.865814	2.098 -5.688 83.884
mor_random_rifle	-2218.430420 2133.301025 92.867348	2.079 -5.686 83.869
mor_random_rifle	-2163.801270 1901.573975 129.208145	2.103 -5.966 84.012
mor_random_rifle	-1730.800049 -894.653198 484.598938	2.324 -6.222 85.025
mor_random_rifle	-1063.188843 -677.002747 432.864502	2.115 -5.692 83.897
mor_random_rifle	-5.467196 -11.002713 14.919409	2.038 -4.378 84.212
mor_random_rifle	1722.616821 -2407.779053 -191.136353	2.125 -5.693 83.905
mor_random_rifle	1329.931519 1221.612427 96.658470	-1.571 -9.105 84.861
mor_random_rifle	342.543976 1218.993042 95.933144	1.867 -4.533 84.734
mor_random_rifle	341.211731 1244.357422 95.945518	3.023 -6.733 83.726
mor_random_rifle	341.447205 1412.170654 95.801041	2.520 -6.851 83.762
mor_random_rifle	341.179382 1434.647949 95.998016	2.278 13.813 85.153
mor_random_rifle	341.180634 1446.319946 95.795677	3.083 -6.165 82.780
mor_random_rifle	1861.155518 2212.195801 132.863937	2.122 -5.693 83.903
mor_random_rifle	2462.205566 206.786392 96.861359	2.154 -5.702 83.928
mor_random_rifle	2461.083496 176.666077 96.865341	2.044 -10.946 83.805
mor_random_rifle	-1582.906860 -1273.198975 64.863937	2.122 -5.693 83.903
mor_random_rifle	-1184.432007 -920.958313 64.864883	2.110 -5.691 83.893
mor_random_rifle	-1088.493896 -1021.821777 64.865891	2.097 -5.688 83.883
mor_random_rifle	-1039.374634 -483.290344 64.862473	2.140 -5.699 83.917
mor_random_rifle	-1077.969360 -968.281860 500.865631	2.101 -5.689 83.886
mor_random_rifle	-2501.448975 -1377.220581 416.864380	2.116 -5.692 83.898
mor_random_rifle	-2512.383301 -1479.128418 416.902557	2.267 -6.176 84.405
mor_random_rifle	-2472.884766 -1693.403809 384.863342	2.129 -5.695 83.908
mor_random_rifle	-1682.323608 -2428.381836 64.863136	2.132 -5.695 83.910
mor_random_rifle	768.257629 -2180.401611 64.863029	2.133 -5.697 83.912
mor_random_rifle	-178.935516 -2505.620605 96.863937	2.122 -5.693 83.903
mor_random_rifle	-187.679062 -2356.374023 96.852570	2.265 -5.849 84.016
mor_random_rifle	-1058.880371 -1995.678711 64.864388	2.116 -5.692 83.898
mor_random_rifle	2337.204834 -1284.019165 -175.136353	2.126 -5.693 83.905
mor_random_rifle	2020.798584 -1780.246216 -191.064758	1.792 -9.815 84.553
mor_random_rifle	283.108612 -390.568176 64.861870	2.148 -5.702 83.923
mor_random_rifle	-2050.729248 -1990.660522 64.864212	2.118 -5.692 83.900
mor_random_rifle	-1040.148315 643.640503 64.863937	2.122 -5.693 83.903
mor_random_rifle	2317.365967 2206.547852 64.862236	2.143 -5.700 83.919
mor_random_rifle	1503.612671 261.922882 104.863647	2.125 -5.693 83.905
mor_random_rifle	1196.901489 489.505127 96.863747	2.124 -5.693 83.904
mor_random_rifle	1810.538086 -340.514862 96.864563	2.114 -5.690 83.896
mor_random_rifle	1751.833740 -799.537781 96.861618	2.151 -5.703 83.926
mor_random_rifle	906.538879 -1683.211182 64.863243	2.131 -5.695 83.909
mor_random_rifle	-2249.620117 -585.694946 64.832375	2.048 -5.951 83.557
info_alien_spawn	-391.238800 -900.666809 396.565460	0.000 0.000 0.000
info_alien_spawn	-396.376495 -970.038391 396.565460	0.000 0.000 0.000
info_alien_spawn	-384.180267 -1038.024780 396.565491	0.000 0.000 0.000
info_alien_spawn	-392.724579 -1123.450684 396.565491	0.000 0.000 0.000
info_alien_spawn	-475.496765 -1175.837891 396.565491	0.000 0.000 0.000
info_alien_spawn	-463.514740 -1085.795166 396.565491	0.000 0.000 0.000
info_alien_spawn	-473.569153 -984.447815 396.565491	0.000 0.000 0.000
info_alien_spawn	-469.909515 -901.683472 396.565491	0.000 0.000 0.000
info_alien_spawn	-554.767700 -887.488708 396.565491	0.000 0.000 0.000
info_alien_spawn	-538.633606 -965.138794 396.565491	0.000 0.000 0.000
info_alien_spawn	-534.533325 -1044.330566 396.565491	0.000 0.000 0.000
info_alien_spawn	-544.883423 -1113.666382 396.565491	0.000 0.000 0.000
info_alien_spawn	-604.923218 -1129.401367 396.565491	0.000 0.000 0.000
info_alien_spawn	-590.719849 -1046.418335 396.565491	0.000 0.000 0.000
info_alien_spawn	-588.716248 -964.876404 396.565491	0.000 0.000 0.000
info_alien_spawn	-610.189331 -842.962585 396.565491	0.000 0.000 0.000
info_alien_spawn	-684.528625 -850.062866 396.565491	0.000 0.000 0.000
info_alien_spawn	-675.661499 -947.591675 396.565491	0.000 0.000 0.000
info_alien_spawn	-675.390747 -1023.092285 396.565460	0.000 0.000 0.000
info_alien_spawn	-566.628967 -741.881104 396.565460	0.000 0.000 0.000
info_alien_spawn	-666.828552 -760.022461 396.565460	0.000 0.000 0.000
info_alien_spawn	-618.914978 -675.089233 386.529663	-0.085 0.000 0.085
mor_random_weapon	1745.303955 2428.602051 353.196136	1.919 4.718 -92.497
mor_random_weapon	1196.883423 427.649597 97.218422	1.667 4.697 -93.073
mor_random_weapon	-1726.659302 -973.924438 536.764771	0.657 3.089 -92.036
mor_random_weapon	-1836.966797 972.602966 17.216087	1.694 4.700 -93.012
mor_random_weapon	1467.966064 -693.621521 97.199921	1.876 4.716 -92.595
mor_random_weapon	982.570984 1617.513062 97.204773	1.821 4.712 -92.720
mor_random_weapon	1323.670044 1355.426758 96.202057	1.852 4.715 -92.650
mor_random_weapon	1326.511841 1325.848877 96.193359	1.818 4.342 -92.576
mor_random_weapon	-1190.183960 -478.978424 133.205414	1.814 4.712 -92.737
mor_random_weapon	-1124.278076 -2471.980713 297.209137	1.772 4.709 -92.833
mor_random_weapon	-1126.471191 -2424.360596 297.197662	1.901 4.718 -92.537
mor_random_weapon	-1123.441406 -2378.364014 297.205414	1.814 4.712 -92.737
mor_random_weapon	-1302.576538 -2478.786865 365.220154	1.648 4.695 -93.118
mor_random_weapon	-2298.914551 -2121.861084 133.209122	1.772 4.708 -92.832
mor_random_weapon	-336.369354 -1636.872070 201.202744	1.844 4.714 -92.668
mor_random_weapon	-472.259918 1234.220093 65.193962	1.943 4.925 -92.441
item_ammo_battery_mor	1310.640869 1722.363037 101.089821	0.026 -0.095 0.212
item_ammo_battery_mor	801.396423 1469.364502 101.089821	0.026 -0.095 0.212
item_ammo_battery_mor	791.609497 1447.341187 101.122116	0.019 -0.096 0.155
item_ammo_battery_mor	809.586365 1445.875977 101.093361	0.025 -0.095 0.206
item_ammo_battery_mor	342.201752 1560.935913 101.141693	0.015 -0.096 0.120
item_ammo_battery_mor	861.114624 -133.852448 -249.950577	0.009 -0.048 0.274
item_ammo_battery_mor	-419.706543 -283.355347 70.090866	0.006 -0.088 -0.214
item_ammo_battery_mor	-997.790344 80.232040 70.066216	0.031 -0.092 0.255
item_ammo_battery_mor	-2502.088867 180.174683 102.089828	0.026 -0.100 0.212
item_ammo_battery_mor	-2320.086426 169.667984 102.122116	0.019 -0.096 0.155
item_ammo_battery_mor	-1549.957764 -668.072327 206.047913	0.035 -0.090 0.287
item_ammo_battery_mor	-1066.846680 -429.541260 65.689880	0.636 -89.474 -90.223
item_ammo_battery_mor	-1030.673950 -2369.291260 302.088013	0.027 -0.094 0.216
item_ammo_battery_mor	-1017.061829 -2380.690430 302.052704	0.034 -0.090 0.279
item_ammo_battery_mor	-204.161392 2364.833252 70.088020	0.026 -0.094 0.216
item_ammo_battery_mor	1090.574219 1876.190796 70.082428	0.028 -0.095 0.226
item_ammo_battery_mor	1930.651733 1651.008301 70.040459	0.037 0.087 -0.301
item_ammo_battery_mor	2335.657227 1603.304077 70.057343	0.033 -0.090 0.270
item_ammo_battery_mor	2223.883301 2274.819580 138.068344	0.031 -0.092 0.251
item_ammo_battery_mor	1957.074951 2146.198730 326.047913	0.035 -0.090 0.287
item_ammo_battery_mor	1207.467773 633.447571 102.082428	0.028 -0.095 0.226
item_ammo_battery_mor	943.700256 622.269165 70.086182	0.027 -0.094 0.219
item_ammo_battery_mor	-2094.470459 -1137.813843 70.111008	0.021 -0.095 0.174
item_ammo_battery_mor	1820.136475 -2363.258301 -117.910172	0.026 -0.095 0.212
item_ammo_buckshot_mor	325.974213 1630.533325 95.381516	-0.245 0.000 0.286
item_ammo_buckshot_mor	334.445587 1643.044189 95.427353	-0.672 -0.007 0.596
item_ammo_buckshot_mor	1886.265503 2144.003906 132.397171	-0.938 -0.004 0.830
item_ammo_buckshot_mor	1646.257813 2483.950195 64.375793	0.665 -0.000 -0.450
item_ammo_buckshot_mor	1652.731934 2497.774658 64.376846	0.479 0.018 -0.301
item_ammo_buckshot_mor	-1588.666748 -2462.745850 288.423401	-0.704 -0.007 0.624
item_ammo_buckshot_mor	-1603.732056 -2468.705078 288.334961	0.385 0.004 -0.300
item_ammo_buckshot_mor	1182.232788 545.850647 96.407310	-0.830 -0.004 0.737
item_ammo_buckshot_mor	1205.446289 547.471497 96.405708	-0.843 -0.008 0.748
item_ammo_buckshot_mor	-2291.501953 1950.335327 64.350479	0.838 0.002 -0.671
item_ammo_buckshot_mor	1842.083496 -682.173035 96.437050	-0.595 -0.007 0.528
item_ammo_buckshot_mor	-2314.950439 -1914.036865 384.344177	0.616 0.003 -0.489
weapon_mor_beretta	-2444.423584 169.406906 97.542664	86.879 -6.634 -38.593
weapon_mor_beretta	-1353.346436 732.089844 17.544714	86.688 -4.746 -36.717
weapon_mor_mars	-1810.631958 -1949.383911 385.125824	-0.392 17.407 86.898
weapon_mor_mars	-2498.372070 -1502.119507 417.147858	-0.362 17.411 87.422
need_food	989.997253 224.442017 82.183090	0.099 0.919 0.006
need_food	991.969482 321.053406 94.026291	-0.019 3.855 -179.997
need_food	986.463928 416.808990 82.173920	-0.016 3.124 0.031
need_food	985.028503 513.054810 82.202492	0.012 0.889 -0.002
need_food	984.910278 579.419250 111.841522	0.009 2.060 -90.028
need_wash	-1729.720703 764.212891 34.253719	-0.097 90.594 0.000
need_wash	-1725.368774 931.664490 34.242558	0.123 90.868 0.000
need_wash	-1473.247803 766.494202 34.293583	0.000 91.439 0.000
need_wash	-1475.857544 924.389404 40.190327	89.933 89.686 -0.215
need_bed	1112.431030 -377.778168 112.904953	0.117 -0.221 16.039
need_bed	1223.743774 -374.631989 113.471619	0.036 -1.822 16.868
need_bed	1236.671509 -726.867493 112.634186	0.042 90.210 -15.597
need_bed	915.865295 -931.174255 112.568512	0.277 87.580 15.374
need_bed	1222.903198 -810.315369 113.385757	-0.101 90.993 16.593
need_bed	1307.096191 -1283.826904 112.567795	-0.251 -178.258 15.401
need_bed	1401.827881 -1288.018555 118.898926	74.029 -179.824 86.800
need_bed	1825.824463 -1212.323242 113.187225	1.790 -11.900 15.363
need_bed	1788.457397 -1115.911621 112.511925	-0.000 90.717 15.341
need_bed	1561.249512 -1284.935425 112.957031	-1.193 -4.333 -15.381
need_bed	1736.484985 -1308.371338 113.107162	-0.007 90.886 16.173
need_bed	1466.287109 -809.183350 113.530815	0.170 90.684 -16.861
need_bed	1785.023315 -948.028442 113.800308	-0.840 4.544 16.779
need_bed	1785.955566 -859.975586 113.026367	-0.041 -92.184 -16.079
weapon_glowstick	351.090302 1666.937988 101.983826	-0.530 0.845 -0.116
weapon_glowstick	350.046722 1655.205444 101.940353	-0.728 0.768 -0.160
weapon_glowstick	703.108643 1595.238647 103.034576	-0.299 0.879 -0.065
weapon_glowstick	2496.178955 192.257935 102.960701	-0.636 0.815 -0.139
weapon_glowstick	2315.303467 -101.449005 71.004562	-0.436 0.866 -0.095
weapon_glowstick	-1018.608826 -1224.496338 71.007401	-0.423 0.866 -0.093
weapon_glowstick	-1559.056152 -625.813904 70.983833	-0.530 0.845 -0.116
weapon_glowstick	-1531.600708 -1017.657715 318.942749	-0.717 0.766 -0.157
weapon_glowstick	-1008.812012 -2498.413818 302.992279	-0.492 0.854 -0.108
weapon_glowstick	-1025.612427 -2497.449463 302.978424	-0.555 0.832 -0.122
weapon_glowstick	-1975.870239 -1526.347046 423.012817	-0.398 0.871 -0.087
weapon_glowstick	-1992.755493 -1522.898315 422.935425	-0.751 0.728 -0.165
weapon_glowstick	-2059.717041 -2464.476074 138.982056	-0.538 0.846 -0.118
weapon_glowstick	-402.526245 -2255.840820 70.947449	-0.696 0.766 -0.153
weapon_glowstick	-161.989258 -2328.126709 102.987297	-0.514 0.844 -0.113
weapon_glowstick	79.590805 192.378113 22.935448	-0.751 0.728 -0.165
weapon_glowstick	-1781.116821 732.375488 71.010162	-0.410 0.866 -0.090
weapon_glowstick	-459.164459 1217.845581 70.978035	-0.526 0.770 -0.105
weapon_glowstick	2150.387207 2495.321045 358.993896	-0.484 0.854 -0.106
weapon_glowstick	1198.852783 730.307068 103.021584	-0.358 0.874 -0.078
weapon_glowstick	1193.214600 718.393677 102.947456	-0.696 0.766 -0.153
weapon_glowstick	1767.855713 -341.448730 102.954231	-0.665 0.796 -0.146
weapon_glowstick	1379.791382 -868.656372 103.042976	0.508 -0.090 3.371
weapon_glowstick	-2417.234375 1724.472046 138.978439	-0.555 0.832 -0.122
weapon_glowstick	-1896.123535 1655.390503 71.003830	-0.084 0.802 -0.558
weapon_glowstick	-2033.496826 -1741.231323 390.960693	-0.636 0.815 -0.139
weapon_glowstick	1732.693359 1856.686890 70.980263	-0.546 0.844 -0.120
weapon_glowstick	2301.280029 2355.169678 138.967819	-0.115 0.753 -0.767
weapon_mor_zx9	680.314880 1459.073853 100.053383	-2.729 -2.167 -0.604
weapon_mor_zx9	2360.902832 205.259766 101.051201	-2.770 -0.951 0.331
weapon_mor_zx9	-1036.823486 -2446.077637 301.028015	-2.795 -0.954 0.421
weapon_mor_m418	675.292725 1619.810059 97.228706	1.540 -12.657 83.098
weapon_mor_blaster	1319.491089 1757.835205 95.851212	2.222 -18.469 -84.101
weapon_mor_blaster	842.049438 -147.381027 -255.029404	1.983 -19.803 -85.824
weapon_mor_blaster	-2508.691162 202.446503 96.874062	2.231 -18.489 -84.335
weapon_mor_blaster	-1041.197144 -2379.934814 296.887634	2.236 -18.491 -84.474
weapon_mor_blaster	1831.524170 -2365.250977 -123.143478	2.224 -18.472 -84.155
weapon_mor_scarm8	329.866058 1615.564697 98.528259	5.764 -4.361 -90.726
weapon_mor_scarm8	1652.609741 2458.199707 65.218697	0.471 9.318 84.162
weapon_mor_scarm8	-1597.047485 -2437.262939 289.230682	0.425 9.320 84.408
weapon_mor_scarm8	1183.663452 528.034485 97.221321	0.461 9.318 84.216
weapon_mor_scarm8	-2295.556885 1929.765503 65.222168	0.458 9.318 84.233
weapon_mor_scarm8	1836.632324 -655.660339 97.246468	0.365 9.321 84.733
item_ammo_pistol_mor	1344.878540 1530.982422 104.690849	-50.033 -158.319 -179.825
item_ammo_pistol_mor	1331.965820 1511.365479 97.906807	59.733 51.021 0.684
item_ammo_pistol_mor	965.659424 1479.117798 95.994293	0.511 -0.028 3.683
item_ammo_pistol_mor	967.253174 1460.134766 95.447189	-0.505 0.131 -0.495
item_ammo_pistol_mor	985.480225 1477.978027 95.357895	-0.320 -0.015 -0.152
item_ammo_pistol_mor	982.687073 1459.673096 95.444344	-0.228 0.125 -0.274
item_ammo_pistol_mor	1002.224915 1477.667480 95.403397	-0.141 -0.023 -0.069
item_ammo_pistol_mor	1001.565857 1459.359009 95.325768	-0.186 -0.014 -0.010
item_ammo_pistol_mor	-2518.148926 -105.676277 64.389885	0.098 0.069 0.038
item_ammo_pistol_mor	-2512.166016 -88.861183 64.422989	-0.549 0.369 -0.666
item_ammo_pistol_mor	-1627.021729 -723.775208 64.383598	-0.101 -0.020 -0.030
item_ammo_pistol_mor	-1638.458740 -750.148376 64.354309	-0.126 -0.019 -0.038
item_ammo_pistol_mor	-1624.128540 -746.320007 64.381844	-0.102 -0.020 -0.031
item_ammo_pistol_mor	-1620.410400 -972.728882 64.368805	-0.114 -0.020 -0.034
item_ammo_pistol_mor	-1598.049561 -974.293823 64.430878	-0.059 -0.020 -0.018
item_ammo_pistol_mor	-1578.311279 -971.504456 64.358604	-0.122 -0.019 -0.037
item_ammo_pistol_mor	-1960.881714 -1343.939087 416.383575	-0.101 -0.020 -0.030
item_ammo_pistol_mor	-1984.170044 -1342.617188 416.358582	-0.122 -0.019 -0.037
item_ammo_pistol_mor	-1958.338867 -1369.172974 416.390320	-0.095 -0.020 -0.029
item_ammo_pistol_mor	-1986.453125 -1371.234253 416.376404	-0.107 -0.020 -0.032
item_ammo_pistol_mor	-1955.195557 -1402.984985 416.387024	-0.098 -0.020 -0.030
item_ammo_pistol_mor	-1980.715942 -1403.752930 416.466522	0.366 2.532 0.093
item_ammo_pistol_mor	-210.039108 -2423.024414 96.451874	0.123 -0.196 -0.001
item_ammo_pistol_mor	-203.984329 -2440.456055 96.458923	-0.153 -0.192 -0.307
item_ammo_pistol_mor	-209.828110 -2463.973389 96.368805	-0.114 -0.020 -0.034
item_ammo_pistol_mor	-190.593307 -2463.737061 96.387024	-0.098 -0.020 -0.030
item_ammo_pistol_mor	-192.594040 -2439.707764 96.356476	-0.124 -0.019 -0.038
item_ammo_pistol_mor	-186.722076 -2421.616699 96.452332	-0.734 0.274 -0.537
item_ammo_pistol_mor	-561.504761 -1733.130493 64.363083	-0.091 -0.001 0.004
item_ammo_pistol_mor	-1226.760864 -1688.233398 64.372673	-0.110 -0.020 -0.033
item_ammo_pistol_mor	1999.789063 -1931.205444 -191.594452	-0.081 -0.020 -0.025
item_ammo_pistol_mor	2018.016235 -1918.302490 -191.654694	-0.134 -0.019 -0.041
item_ammo_pistol_mor	2329.940674 -2184.176025 -55.623577	-0.107 -0.020 -0.032
item_ammo_pistol_mor	2077.160889 -1942.787354 64.328194	-0.149 -0.018 -0.045
item_ammo_pistol_mor	1977.727295 -1598.192627 64.368805	-0.114 -0.019 -0.034
item_ammo_pistol_mor	423.981354 -195.961594 64.367012	0.026 0.031 0.004
item_ammo_pistol_mor	-212.117538 97.007439 16.368803	-0.114 -0.020 -0.034
item_ammo_pistol_mor	45.233635 -1302.790894 64.381844	-0.102 -0.020 -0.031
item_ammo_pistol_mor	-1845.959961 720.189758 16.419811	-0.069 -0.020 -0.021
item_ammo_pistol_mor	-1211.488281 926.112427 64.347610	-0.132 -0.019 -0.040
item_ammo_pistol_mor	-1376.780396 721.443848 16.370750	-0.112 -0.020 -0.034
item_ammo_pistol_mor	-647.243225 385.425446 64.381844	-0.102 -0.020 -0.031
item_ammo_pistol_mor	-662.130554 387.153381 64.358604	-0.122 -0.019 -0.037
item_ammo_pistol_mor	1219.285034 759.115906 64.450874	-0.034 -0.023 -0.322
item_ammo_pistol_mor	1234.804443 757.686340 64.352112	-0.128 -0.019 -0.039
item_ammo_pistol_mor	1219.237915 723.554993 64.440529	0.028 0.089 -0.370
item_ammo_pistol_mor	1230.766113 724.538513 64.395149	-0.090 -0.020 -0.027
item_ammo_pistol_mor	1404.725830 -311.918427 96.951828	0.762 -0.040 3.609
item_ammo_pistol_mor	1405.197876 -349.178741 96.370750	-0.112 -0.020 -0.034
item_ammo_pistol_mor	1419.775635 -313.962677 96.380066	-0.104 -0.020 -0.031
item_ammo_pistol_mor	1424.330566 -341.585693 96.362778	-0.119 -0.019 -0.036
item_ammo_pistol_mor	1440.797852 -328.940613 96.395149	-0.090 -0.020 -0.027
item_ammo_pistol_mor	1243.414673 -1240.935181 96.366829	-0.115 -0.019 -0.035
item_ammo_pistol_mor	1499.860840 -1238.971313 96.352112	-0.128 -0.019 -0.039
item_ammo_pistol_mor	-1694.333252 1893.337646 64.374557	-0.108 -0.020 -0.033
item_ammo_pistol_mor	-2512.021240 1635.991089 64.381844	-0.102 -0.020 -0.031
item_ammo_pistol_mor	1166.599365 -1281.097046 64.335754	0.142 0.019 -0.043
weapon_mor_medkit	904.835571 1615.057251 96.481422	-0.852 -0.264 0.032
weapon_mor_medkit	2516.731689 178.702469 96.482063	-0.837 -0.269 0.034
weapon_mor_medkit	-1297.994385 -1043.026611 64.479385	-0.900 -0.256 0.025
weapon_mor_medkit	-1014.312073 -2469.406738 296.483551	-0.801 -0.273 0.038
weapon_mor_medkit	-2489.408936 -1314.550781 416.484131	-0.788 -0.274 0.040
weapon_mor_medkit	-1848.583496 -1878.242065 64.488609	-0.683 -0.282 0.054
weapon_mor_medkit	-175.166458 -2488.495117 96.480972	-0.349 -1.006 -0.137
weapon_mor_medkit	-1166.535889 -1944.540039 200.487015	-0.720 -0.279 0.049
weapon_mor_medkit	88.329185 -185.478500 16.482058	-0.837 -0.269 0.034
weapon_mor_medkit	-992.272888 980.453247 64.485771	-0.750 -0.277 0.045
weapon_mor_medkit	1976.482178 2105.928467 384.454803	-0.350 -2.595 -0.419
weapon_mor_medkit	1211.061279 730.984863 96.490234	-0.645 -0.283 0.059
weapon_mor_medkit	1808.331665 -365.043915 96.446198	-1.446 -1.001 0.104
mor_random_pistol	2038.406250 -1959.561890 -126.665512	2.044 -20.549 -85.718
mor_random_pistol	2347.845215 -2181.069092 -62.020821	2.130 -20.527 -85.569
mor_random_pistol	400.085114 -2098.570557 64.835815	2.216 -18.399 -83.943
mor_random_pistol	1305.994507 -879.296082 96.879745	2.233 -18.491 -84.393
mor_random_pistol	1605.859009 -330.854218 96.825203	2.212 -18.358 -83.834
mor_random_pistol	1414.491577 -693.237854 96.856529	2.224 -18.472 -84.155
mor_random_pistol	1068.747070 -417.903809 96.841820	2.219 -18.436 -84.004
mor_random_pistol	897.358521 1479.467529 95.926781	2.251 -18.500 -84.876
mor_random_pistol	864.628845 1469.982544 95.950203	2.439 -20.119 -85.173
mor_random_pistol	863.206055 1447.207397 95.854782	2.224 -18.471 -84.137
mor_random_pistol	901.061035 1451.203003 95.847542	2.221 -18.438 -84.063
mor_random_pistol	878.010376 1470.663086 95.970413	1.830 -11.466 -86.091
mor_random_pistol	335.056610 1322.303833 95.871078	2.230 -18.490 -84.304
mor_random_pistol	2379.121582 174.323853 96.845665	2.220 -18.437 -84.044
mor_random_pistol	2331.577881 173.663940 96.856529	2.224 -18.472 -84.155
mor_random_pistol	2491.935303 182.955353 96.854782	2.224 -18.471 -84.137
mor_random_pistol	2313.654053 -156.800232 64.849388	2.221 -18.466 -84.082
mor_random_pistol	2335.859131 -184.833725 64.835808	2.216 -18.399 -83.943
mor_random_pistol	-1614.181519 -769.992493 64.833755	2.215 -18.401 -83.922
mor_random_pistol	-1553.199585 -713.094116 64.882462	2.234 -18.490 -84.421
mor_random_pistol	-1491.078247 -734.766724 64.879738	2.233 -18.491 -84.393
mor_random_pistol	-1631.562012 -937.504944 64.912109	2.246 -18.496 -84.725
mor_random_pistol	-1564.595703 -730.816345 64.853012	2.223 -18.473 -84.119
mor_random_pistol	-1591.845825 -737.956604 64.874054	2.231 -18.489 -84.335
mor_random_pistol	-1621.146362 -831.351685 64.863235	2.227 -18.490 -84.224
mor_random_pistol	-2515.041016 -1458.821777 416.831665	2.215 -18.398 -83.900
mor_random_pistol	-2499.038818 -1468.817871 416.906525	2.243 -18.495 -84.668
mor_random_pistol	-2534.852783 -1452.695313 416.891327	2.238 -18.492 -84.512
mor_random_pistol	-2522.171143 -1477.233276 416.867462	1.910 -25.937 -86.143
mor_random_pistol	-1953.109131 -1459.984009 416.847534	2.221 -18.438 -84.063
mor_random_pistol	-1949.568481 -1492.289307 416.894867	2.239 -18.492 -84.548
mor_random_pistol	-1985.247437 -1516.006348 416.864838	2.227 -18.491 -84.240
mor_random_pistol	-1995.823120 -1399.389893 416.844818	2.440 -39.321 -84.844
mor_random_pistol	-1981.171509 -1440.034546 416.820709	2.210 -18.356 -83.788
mor_random_pistol	-205.196442 -2385.800781 96.878357	2.233 -18.491 -84.379
mor_random_pistol	-194.605850 -2409.646240 96.896019	2.239 -18.493 -84.560
mor_random_pistol	-173.080811 -2388.715820 96.833763	2.215 -18.401 -83.922
mor_random_pistol	-574.357056 -1712.618042 64.839836	2.218 -18.429 -83.984
mor_random_pistol	-1221.192261 -1715.086426 64.851212	2.222 -18.469 -84.101
mor_random_pistol	2111.386963 -1909.740112 -191.166245	2.215 -18.401 -83.922
mor_random_pistol	2083.792480 -1933.163696 -191.162155	2.217 -18.398 -83.963
mor_random_pistol	2063.931396 -1912.183228 -191.101761	2.240 -18.494 -84.583
mor_random_pistol	2323.257324 -2174.068359 -55.109489	2.939 -20.169 -84.217
mor_random_pistol	2093.021240 -1911.793579 64.970566	1.952 -18.760 -85.879
mor_random_pistol	1946.531250 -1604.192505 64.970680	2.058 -18.705 -85.694
mor_random_pistol	430.105804 -158.515900 64.883789	2.235 -18.491 -84.435
mor_random_pistol	-177.301926 79.971725 16.871084	2.230 -18.490 -84.304
mor_random_pistol	43.760204 -1285.744141 64.804161	3.163 -34.816 -83.215
mor_random_pistol	-1823.156372 713.596680 16.866447	2.228 -18.488 -84.257
mor_random_pistol	-1219.776978 890.256226 64.994797	3.225 -18.858 -85.597
mor_random_pistol	-669.709778 474.824493 64.859932	2.226 -18.489 -84.190
mor_random_pistol	-675.392883 429.059631 64.839836	2.218 -18.429 -83.984
mor_random_pistol	-696.076111 452.197388 64.849388	2.221 -18.466 -84.082
mor_random_pistol	1181.550537 567.243591 96.859932	2.226 -18.489 -84.190
mor_random_pistol	1200.749146 596.309631 96.853020	2.223 -18.473 -84.119
mor_random_pistol	1172.259521 610.031189 96.851219	2.222 -18.469 -84.101
mor_random_pistol	1200.417603 467.228760 96.859932	2.226 -18.489 -84.190
mor_random_pistol	1180.641357 697.596069 96.866455	2.228 -18.488 -84.257
mor_random_pistol	1538.304321 -319.927826 96.904549	2.243 -18.494 -84.648
mor_random_pistol	1526.464600 -349.939575 96.847542	2.221 -18.438 -84.063
mor_random_pistol	1259.132446 -1228.856079 96.861603	2.226 -18.489 -84.207
mor_random_pistol	1518.987549 -1249.396118 96.863243	2.227 -18.490 -84.224
mor_random_pistol	-1681.267700 1906.105835 64.839836	2.218 -18.429 -83.984
mor_random_pistol	-2485.636963 1621.012085 64.942780	2.701 -19.969 -85.322
mor_random_pistol	1149.591309 -1265.983643 64.872581	2.230 -18.491 -84.320
mor_random_smg	2250.989014 -1144.085083 65.091431	0.383 1.334 -87.367
mor_random_smg	-271.575653 -323.646179 65.094322	0.280 6.176 -87.240
mor_random_smg	-34.560253 2502.295166 65.094353	0.279 6.176 -87.239
mor_random_smg	-1538.696899 -672.638245 313.095428	0.237 6.216 -87.183
mor_random_smg	336.067963 1520.926514 96.014053	0.906 2.333 -85.827
mor_random_smg	882.749878 1608.853027 97.096336	0.208 3.248 -87.152
mor_random_smg	2426.853516 175.015839 97.049408	0.292 7.271 -86.997
mor_random_smg	-2249.488281 405.384674 65.094070	0.289 6.175 -87.252
mor_random_smg	-1022.067139 -353.295898 65.095001	0.256 6.168 -87.211
mor_random_smg	-2506.488037 -1443.267334 417.093353	0.315 6.180 -87.283
mor_random_smg	106.616631 -2336.484131 64.704430	-0.007 -2.251 83.087
mor_random_smg	-335.292816 -1692.885132 65.093399	0.313 6.175 -87.281
mor_random_smg	2482.263428 -1824.535889 -190.906647	0.315 6.180 -87.283
mor_random_smg	1630.678223 -2278.060547 -190.906342	0.304 6.174 -87.270
mor_random_smg	1633.334229 -2458.792236 65.093971	0.293 6.552 -87.256
mor_random_smg	2466.854004 -1761.881958 65.094902	0.260 6.539 -87.215
mor_random_smg	1206.531494 -2.465715 65.093811	0.298 6.174 -87.263
mor_random_smg	-402.814240 241.438904 133.094360	0.279 6.176 -87.239
mor_random_smg	294.750854 377.473145 65.094070	0.289 6.175 -87.252
mor_random_smg	-1588.887207 836.771729 17.094135	0.287 6.175 -87.249
mor_random_smg	1184.289917 447.607391 97.093491	0.310 6.176 -87.277
mor_random_smg	1183.986938 656.092346 97.114944	0.048 6.496 -87.753
mor_random_smg	1764.005981 -1059.554688 97.093491	0.310 6.176 -87.277
mor_random_smg	1349.004517 -330.449402 97.094070	0.289 6.175 -87.252
mor_random_smg	1721.031006 -329.645386 97.093964	0.293 6.174 -87.256
mor_random_smg	-1229.265503 14.803532 65.094322	0.280 6.176 -87.240
mor_random_smg	-2133.737793 1968.643311 65.094032	0.290 6.175 -87.253
mor_random_smg	-1629.599121 2500.310547 65.095078	0.253 6.166 -87.207
mor_random_smg	-1880.795898 -1748.440918 65.093124	0.323 6.187 -87.293
mor_random_smg	402.359192 -1280.428833 65.093735	0.301 6.174 -87.266
item_ammo_revolver_mor	-22.207636 18.199335 14.386935	0.105 0.020 -0.034
item_ammo_revolver_mor	-6.889171 19.603876 14.378162	0.113 0.020 -0.037
item_ammo_revolver_mor	1627.485229 -2483.055664 -191.645691	-0.126 -0.019 -0.038
item_ammo_revolver_mor	1643.867432 -2483.120605 -191.614685	-0.099 -0.020 -0.030
item_ammo_revolver_mor	1334.180298 1655.470581 95.477005	0.336 0.434 -0.033
item_ammo_revolver_mor	1340.237427 1666.175049 95.778862	-1.089 2.263 -1.703
item_ammo_revolver_mor	1347.779907 1647.558838 104.835930	-48.643 178.567 -179.858
item_ammo_revolver_mor	1346.167725 1611.896240 104.078445	-55.111 171.082 179.998
item_ammo_revolver_mor	1327.307739 1628.053223 98.224098	-89.929 -22.506 0.000
item_ammo_revolver_mor	1354.157837 1631.061890 110.885353	-44.551 179.651 146.656
item_ammo_revolver_mor	1354.615234 1664.780518 111.293655	-44.209 -179.789 -159.167
item_ammo_revolver_mor	757.521240 1471.598145 95.349876	-0.130 -0.019 -0.039
item_ammo_revolver_mor	770.145691 1471.915283 95.342972	-0.136 -0.019 -0.041
item_ammo_revolver_mor	798.792542 1592.896362 96.442749	-1.106 0.395 0.009
item_ammo_revolver_mor	787.712036 1592.992432 96.365517	0.093 -0.095 -0.047
item_ammo_revolver_mor	679.932739 1592.927979 96.437660	0.034 -0.012 -0.288
item_ammo_revolver_mor	668.078796 1592.090332 96.837242	0.375 -0.039 -2.985
item_ammo_revolver_mor	767.125000 1593.012329 96.378593	0.075 -0.072 -0.025
item_ammo_revolver_mor	756.807068 1592.924561 96.455460	0.127 -0.026 -0.343
item_ammo_revolver_mor	1865.611206 2224.025635 132.368805	-0.114 -0.020 -0.034
item_ammo_revolver_mor	1847.791260 2228.069336 132.368805	0.114 0.020 -0.034
item_ammo_revolver_mor	2421.579346 211.098923 96.378258	-0.105 -0.020 -0.032
item_ammo_revolver_mor	2409.847900 210.205536 96.390350	-0.095 -0.020 -0.029
item_ammo_revolver_mor	-2421.651123 204.333908 96.393578	-0.092 -0.020 -0.028
item_ammo_revolver_mor	-2401.591064 209.306488 96.378258	-0.105 -0.020 -0.032
item_ammo_revolver_mor	-1611.456421 -1306.717773 64.333267	-0.145 -0.018 -0.044
item_ammo_revolver_mor	-1616.295288 -1288.157104 64.458527	-0.357 0.138 -0.369
item_ammo_revolver_mor	-1201.183960 -954.079834 64.378258	-0.105 -0.020 -0.032
item_ammo_revolver_mor	-1214.709839 -949.528748 64.372673	-0.110 -0.020 -0.033
item_ammo_revolver_mor	-1089.646240 -1062.042114 64.360710	-0.121 -0.019 -0.036
item_ammo_revolver_mor	-1100.184204 -1058.942505 64.354958	-0.258 -0.019 -0.122
item_ammo_revolver_mor	-1025.661499 -466.563538 64.362778	-0.119 -0.019 -0.036
item_ammo_revolver_mor	-1014.216736 -468.289886 64.398232	-0.088 -0.020 -0.027
item_ammo_revolver_mor	-1092.514282 -956.027527 500.376434	-0.107 -0.020 -0.032
item_ammo_revolver_mor	-1104.461304 -953.481079 500.325836	0.034 0.029 0.005
item_ammo_revolver_mor	-1790.636841 -1968.338013 384.342987	-0.136 -0.019 -0.041
item_ammo_revolver_mor	-1803.962646 -1968.853516 384.396698	-0.089 -0.020 -0.027
item_ammo_revolver_mor	-2497.301025 -1521.577393 416.347595	-0.132 -0.019 -0.040
item_ammo_revolver_mor	-2519.999756 -1520.124756 416.342957	-0.136 -0.019 -0.041
item_ammo_revolver_mor	-2514.977783 -1354.538574 416.360687	-0.121 -0.019 -0.037
item_ammo_revolver_mor	-2500.397461 -1356.563477 416.328186	-0.149 -0.018 -0.045
item_ammo_revolver_mor	-2490.700928 -1356.926636 416.376404	-0.107 -0.020 -0.032
item_ammo_revolver_mor	-2492.846436 -1672.401978 384.340607	-0.138 -0.019 -0.042
item_ammo_revolver_mor	-2469.714355 -1671.214355 384.356476	-0.124 -0.019 -0.038
item_ammo_revolver_mor	-1695.397705 -2467.446777 64.429840	-0.060 -0.020 -0.018
item_ammo_revolver_mor	-1710.051514 -2464.704346 64.422157	-0.067 -0.020 -0.020
item_ammo_revolver_mor	780.348572 -2165.344971 64.352112	-0.128 -0.019 -0.039
item_ammo_revolver_mor	760.744385 -2167.011719 64.333267	-0.145 -0.018 -0.044
item_ammo_revolver_mor	-178.802505 -2431.740967 96.372673	-0.110 -0.020 -0.033
item_ammo_revolver_mor	-177.088776 -2325.587402 96.416153	-0.072 -0.020 -0.022
item_ammo_revolver_mor	-169.086517 -2361.277344 96.407822	0.617 1.045 -0.001
item_ammo_revolver_mor	-1060.313477 -2024.673340 64.338196	-0.140 -0.019 -0.042
item_ammo_revolver_mor	-1078.771851 -2018.511475 64.378258	-0.105 -0.020 -0.032
item_ammo_revolver_mor	2349.829590 -1267.843994 -175.669250	-0.147 -0.018 -0.044
item_ammo_revolver_mor	2337.633301 -1266.067871 -175.623566	-0.107 -0.020 -0.032
item_ammo_revolver_mor	2024.497437 -1806.107178 -191.657028	-0.136 -0.019 -0.041
item_ammo_revolver_mor	2010.840210 -1807.277832 -191.575562	-0.065 -0.020 -0.020
item_ammo_revolver_mor	282.999939 -426.746185 64.433884	-0.057 -0.020 -0.017
item_ammo_revolver_mor	263.474091 -429.658630 64.378258	-0.105 -0.020 -0.032
item_ammo_revolver_mor	-1396.066895 -2255.262207 64.424438	-0.065 -0.020 -0.020
item_ammo_revolver_mor	-2060.297363 -1970.460938 64.385323	-0.099 -0.020 -0.030
item_ammo_revolver_mor	-1068.345947 654.763367 64.345306	-0.134 -0.019 -0.041
item_ammo_revolver_mor	-1046.593628 655.875122 64.345314	-0.134 -0.019 -0.041
item_ammo_revolver_mor	2343.755615 2228.957275 64.333504	-0.032 -0.028 0.005
item_ammo_revolver_mor	2349.482178 2207.185059 64.396851	0.020 0.031 0.003
item_ammo_revolver_mor	1484.456421 296.239258 104.338196	-0.140 -0.019 -0.042
item_ammo_revolver_mor	1497.397705 292.663635 104.352097	-0.128 -0.019 -0.039
item_ammo_revolver_mor	1219.273438 383.724121 64.439735	0.804 -0.014 0.124
item_ammo_revolver_mor	1231.246582 384.402161 64.352112	-0.128 -0.019 -0.039
item_ammo_revolver_mor	924.748535 998.358826 64.464508	0.513 -0.269 -0.056
item_ammo_revolver_mor	1668.428711 -350.012299 96.347610	-0.132 -0.019 -0.040
item_ammo_revolver_mor	1780.977295 -803.429993 96.390350	-0.095 -0.020 -0.029
item_ammo_revolver_mor	926.897522 -1668.274902 64.401222	-0.085 -0.020 -0.026
item_ammo_revolver_mor	898.500000 -1667.052002 64.378258	-0.105 -0.020 -0.032
item_ammo_revolver_mor	-84.256531 -1560.725342 64.383598	-0.101 -0.020 -0.030
item_ammo_revolver_mor	-2263.650146 -558.459412 64.335754	-0.142 -0.019 -0.043
item_ammo_revolver_mor	-2247.018066 -557.147217 64.412323	-0.075 -0.020 -0.023
weapon_frag	-2349.080078 -2207.949951 289.000000	0.000 0.000 0.000
weapon_frag	786.562012 1474.043335 97.146324	-36.520 -55.971 -91.199
weapon_frag	655.147156 1615.255127 98.194000	-37.248 -55.202 -92.361
weapon_frag	1335.939453 1767.871826 97.277260	14.059 123.511 92.050
weapon_frag	-1280.977051 -645.858459 314.232361	7.871 -39.285 -93.345
weapon_frag	-1047.116577 -949.602844 434.105804	-35.901 -56.377 -90.242
weapon_frag	-1050.987183 -955.015076 434.131165	-37.212 -55.042 -91.091
weapon_frag	-1055.093994 -941.476013 434.215454	-37.575 -54.847 -92.896
weapon_frag	-1234.165771 -2492.796387 298.088104	-35.630 -56.832 -89.832
weapon_frag	-1251.194946 -2503.158691 298.096649	-35.761 -56.715 -90.030
weapon_frag	-1258.318481 -2493.168945 298.177551	-36.997 -55.470 -91.956
weapon_frag	-1254.188721 -2478.395264 298.171356	-36.903 -55.572 -91.805
weapon_frag	-1235.693359 -2468.145264 298.157745	-36.694 -55.791 -91.474
weapon_frag	-1961.679077 -1310.229736 418.093811	-35.718 -56.755 -89.965
weapon_frag	-103.874611 -2310.733154 66.099396	-35.803 -56.672 -90.093
weapon_frag	-1786.581665 972.148987 66.157684	-36.694 -55.790 -91.473
weapon_frag	98.619202 2313.362305 66.122360	-36.154 -56.334 -90.630
weapon_frag	1195.190430 511.600372 98.112564	-36.004 -56.481 -90.400
weapon_frag	1311.103394 -714.024170 98.107437	-35.926 -56.558 -90.280
weapon_frag	-187.332489 -130.800369 18.150223	-36.580 -55.905 -91.293
weapon_frag	-1543.771729 -80.437431 66.142265	-36.458 -56.030 -91.102
weapon_frag	-1115.805176 1598.739746 66.080002	-35.508 -50.393 -89.646
weapon_frag	601.789856 2267.347656 64.784706	21.559 -13.526 -42.087
weapon_frag	2053.505371 2130.243408 282.107483	-35.926 -56.560 -90.281
player_start	-2104.389404 -2380.536865 290.546356	0.065 0.000 0.065
player_start	-1795.621338 -1850.228149 386.529663	-0.085 0.000 0.085
player_start	-2074.505127 -1640.907349 386.530731	-0.084 0.000 0.084
player_start	-2198.447266 -1427.644409 386.545563	-0.066 -0.000 0.066
player_start	-2160.768066 -1923.260986 66.525284	-0.090 0.000 0.090
player_start	-1857.292603 -2170.321533 66.531746	-0.083 -0.000 0.082
player_start	-2234.245605 -1733.322388 66.577560	-0.027 0.000 0.027
player_start	-2174.418945 -1192.200195 66.540405	-0.072 -0.000 0.072
player_start	-2173.160645 -351.130066 66.528587	-0.086 0.000 0.086
player_start	-2180.556152 844.695313 66.531746	-0.083 -0.000 0.082
player_start	-2243.772705 1724.776611 66.543037	-0.069 -0.000 0.069
player_start	-2004.706299 1813.647827 66.532745	-0.081 -0.000 -0.081
player_start	-2084.064453 2118.440186 66.569244	-0.038 -0.000 -0.036
player_start	-1738.073242 2021.613647 66.573929	-0.031 -0.000 0.031
player_start	-1197.552979 2187.520996 66.552452	-0.057 0.000 0.057
player_start	-491.510498 2181.742432 66.571899	-0.034 0.000 0.034
player_start	101.370201 2183.056885 66.544724	-0.067 0.000 0.067
player_start	787.014038 2184.498291 66.529655	-0.085 0.000 0.085
player_start	1180.905396 2176.130859 66.534767	-0.079 -0.000 0.079
player_start	1971.230957 2283.339111 66.539482	-0.073 0.000 -0.073
player_start	2195.427490 2046.578613 66.531723	-0.083 0.000 -0.082
player_start	2071.999023 1821.882568 66.539482	-0.073 0.000 -0.073
player_start	1960.283447 2222.997559 322.553162	-0.057 -0.000 0.056
player_start	2167.578857 298.792847 66.528587	-0.086 0.000 0.086
player_start	2175.764404 -519.121155 66.556557	-0.052 -0.000 0.052
player_start	2181.344238 -1028.066406 66.540405	-0.072 -0.000 0.072
player_start	1523.317749 -505.932922 66.529251	-0.068 -0.000 0.068
player_start	892.392761 -662.121216 66.533371	0.064 -0.000 0.064
player_start	593.176636 -1060.276855 66.532356	0.065 0.000 0.065
player_start	983.285156 -1119.940674 66.551437	0.046 -0.000 0.046
player_start	604.989502 -1602.246948 66.533386	-0.064 0.000 0.064
player_start	964.739075 -2161.980469 66.546364	-0.065 -0.000 0.065
player_start	1222.403198 -2172.682617 66.555893	-0.053 0.000 0.053
player_start	440.485748 -2159.733643 66.530708	-0.084 0.000 0.084
player_start	-19.570026 -2173.274414 66.538582	-0.074 -0.000 0.074
player_start	-756.867188 -2164.972168 66.539497	-0.073 -0.000 0.073
player_start	43.229336 -2450.572021 66.543037	-0.069 -0.000 0.069
player_start	-414.046326 -2173.315674 66.529655	-0.085 0.000 0.085
player_start	-528.940857 -1975.896606 66.543037	-0.069 -0.000 0.069
player_start	-775.822876 -1666.706787 66.562622	-0.045 0.000 0.045
player_start	-1140.938965 -2162.360840 66.536697	-0.076 -0.000 0.077
player_start	-1596.605347 -458.212189 66.564270	-0.043 0.000 0.043
player_start	-1355.458618 -649.515259 66.546364	-0.065 -0.000 0.065
player_start	-1427.081543 -1009.797729 66.552452	-0.057 0.000 0.057
player_start	-1361.588257 -1282.387573 66.559700	-0.049 -0.000 0.049
player_start	-1081.595581 -841.188232 66.552452	-0.057 0.000 0.057
player_start	-1769.486938 -838.494202 66.533775	-0.080 -0.000 0.080
player_start	-1926.213013 -2424.492188 290.517365	0.085 -0.072 -0.253
player_start	-2305.533691 -2192.579834 290.552460	-0.058 -0.000 0.057
player_start	1344.632446 593.335144 66.554283	-0.044 0.000 0.044
player_start	1377.592651 481.649750 66.564064	-0.034 0.000 0.034
player_start	1360.208618 698.928650 66.525978	-0.071 0.000 0.071
player_start	1521.750977 581.502197 66.537285	-0.060 0.000 0.060
player_start	1607.688721 662.429443 66.520187	-0.076 0.000 0.076
player_start	-1287.726440 1358.646973 66.528175	-0.069 -0.000 0.069
player_start	-1315.209839 1764.385742 66.551453	-0.046 0.000 0.046
player_start	-563.777649 1775.022339 66.538223	-0.059 0.000 0.059
player_start	-533.632385 1505.334839 66.536331	-0.061 -0.000 0.061
player_start	-336.843262 -128.988800 66.532745	0.081 -0.000 0.081
player_start	-84.823898 -323.530304 66.549484	0.061 0.000 0.061
player_start	281.510864 -299.217957 66.523003	-0.093 0.000 0.093
player_start	363.936737 40.113686 66.543869	-0.068 0.000 -0.068
player_start	216.868683 272.663666 66.536186	0.083 0.024 0.250
player_start	-29.645174 368.442169 66.533775	-0.080 -0.000 0.080
player_start	-205.594269 307.567719 66.524155	-0.092 0.000 0.092
player_start	-335.458923 190.077301 66.550995	-0.059 0.000 0.059
player_start	-102.508980 -22.312963 16.574753	-0.006 -0.000 -0.006
player_start	-1516.688354 6.180442 66.546364	-0.065 -0.000 0.065
player_start	-1019.142883 1.882834 66.546364	-0.065 -0.000 0.065
player_start	833.105408 5.255208 66.539497	-0.073 -0.000 0.073
player_start	1610.863892 1.262689 66.528587	-0.086 0.000 0.086
player_start	-3.302107 -810.908569 66.544724	-0.067 0.000 0.067
player_start	2.264664 -1632.883057 66.553162	-0.057 0.000 0.057
player_start	-0.934366 896.519043 66.569252	-0.037 0.000 0.037
player_start	11.274711 1631.767334 66.544724	-0.067 0.000 0.067
player_start	0.663871 2411.354004 66.545547	-0.066 -0.000 0.066
player_start	-2421.947754 -2.207791 66.539497	-0.073 -0.000 0.073
player_start	-72.375488 -2412.751465 66.570160	-0.036 -0.000 0.036
player_start	-1605.380615 460.253662 66.525284	-0.090 0.000 0.090
player_start	-1324.767212 480.277252 66.531746	-0.082 -0.000 0.082
player_start	-1011.416809 502.662170 66.579796	-0.024 0.000 0.024
player_start	-746.301758 755.961914 66.563179	-0.044 0.000 0.044
player_start	-1751.692383 843.472534 18.538223	-0.059 0.000 0.059
player_start	1706.038452 -2194.958496 66.552452	-0.057 0.000 0.057
player_start	1859.378418 -1867.259033 66.559090	-0.049 -0.000 0.049
player_start	2242.068604 -1750.118774 66.541290	-0.071 0.000 0.071
player_start	2110.917236 -2190.851318 -189.459610	-0.072 -0.000 0.072
player_start	2308.024414 -2412.447998 -189.412918	-0.042 -0.000 -0.011
player_start	2266.178955 -1706.194824 -189.472504	-0.088 -0.000 0.088
player_start	1839.074341 -1874.029541 -189.461426	-0.074 -0.000 0.074
player_start	2267.680420 -1339.574219 -173.472168	-0.071 0.000 0.071
player_start	-1795.229736 -994.604797 65.527519	-0.088 -0.000 0.088
player_start	-1746.565063 -914.259583 65.537659	-0.075 -0.000 0.075
player_start	-1565.374146 -1173.707764 65.532776	-0.081 0.000 0.081
player_start	-1349.954590 -1218.451050 65.529671	-0.085 0.000 0.085
player_start	-1176.865479 -1193.951050 65.534775	-0.079 -0.000 0.079
player_start	-1606.702881 -505.429840 65.555901	-0.053 0.000 0.053
player_start	-1442.103149 -473.133636 65.538589	-0.074 -0.000 0.074
player_start	2121.028564 -2269.611084 -190.452835	-0.064 0.000 0.064
player_start	2183.862549 -2056.343506 -190.456116	-0.068 -0.000 0.068
player_start	2378.963135 -2020.861694 -190.449738	-0.060 0.000 0.060
player_start	803.445557 -725.812561 65.542168	0.070 0.000 0.070
player_start	1135.775269 -551.851135 65.545547	0.066 0.000 0.066
player_start	1578.187012 -604.298706 65.543045	-0.069 -0.000 0.069
player_start	1625.981812 -943.732727 65.545547	0.066 0.000 0.066
player_start	1395.909302 -1110.733154 65.543030	0.069 0.000 0.069
player_start	1092.467896 -1078.792236 65.540398	0.072 0.000 0.072
player_start	682.432678 -1666.817627 65.540413	-0.072 -0.000 0.072
player_start	-1832.932739 2265.148926 65.555893	-0.053 -0.000 -0.053
player_start	-2117.046631 1673.795776 65.534775	-0.079 -0.000 0.079
player_start	-278.215240 346.868866 65.551003	-0.059 0.000 0.059
player_start	-141.671722 389.415955 65.558479	-0.050 -0.000 0.050
player_start	-90.692780 321.858612 65.541306	-0.071 0.000 0.071
player_start	109.059753 350.470367 65.529671	-0.085 0.000 0.085
player_start	353.016754 316.988007 65.569252	-0.037 -0.000 -0.037
player_start	319.383850 138.636871 65.550995	-0.059 -0.000 -0.059
player_start	328.227844 -177.222733 65.525284	-0.090 -0.000 -0.090
player_start	138.461563 -311.571350 65.543900	-0.068 -0.000 0.068
player_start	-11.248249 -380.220276 65.547966	-0.063 0.000 0.063
player_start	-353.650635 -322.297180 65.536697	0.076 0.000 0.077
player_start	-257.445709 -257.366150 65.571152	-0.223 0.003 -0.125
player_start	-369.909912 23.527731 65.530724	-0.084 0.000 0.084
weapon_mor_usp	-2491.321045 -101.123260 65.000145	0.619 -34.395 -90.734
