# morbus weapon/ammo placement overrides - Thank TTT for this lua code
# For map: mor_facility_b2_re
# Exported by: Demonkush ( ͡° ͜ʖ ͡°)
setting:	replacespawns 1
need_piss	0.000000 0.000000 0.000000	0.000 0.000 0.000
need_piss	3246.901611 -1980.876709 -1261.706543	-0.001 3.937 0.001
need_piss	3251.518799 -1855.032837 -1261.805786	-0.060 -0.001 -0.034
need_piss	3246.589355 -1723.269775 -1261.737061	0.041 0.006 0.022
need_piss	3245.960449 -1604.900513 -1261.860474	-0.009 -0.001 -0.010
need_piss	3245.274658 -1473.449829 -1261.798584	-0.082 -0.001 -0.044
need_piss	3244.677246 -1350.946899 -1261.849243	-0.014 0.001 0.012
mor_random_ammo	3545.076660 800.634094 -1255.606201	0.806 0.008 0.927
mor_random_ammo	3562.466797 771.026367 -1255.546021	0.895 0.025 1.085
mor_random_ammo	3576.134033 796.717712 -1255.674683	0.047 0.000 -0.032
mor_random_ammo	3792.243408 306.734741 -1231.304321	0.079 -0.000 -0.033
mor_random_ammo	3564.125732 25.839844 -1255.620483	0.168 0.001 0.144
mor_random_ammo	3542.961426 513.101135 -1255.660034	0.047 0.000 -0.023
mor_random_ammo	3572.385010 507.211670 -1255.642456	0.059 0.000 0.001
mor_random_ammo	3574.764648 477.530090 -1255.582886	1.686 0.035 2.044
mor_random_ammo	3774.044434 -324.386017 -1279.674805	0.047 0.000 -0.032
mor_random_ammo	3869.940674 -1165.818970 -1279.558960	1.131 0.029 1.367
mor_random_ammo	3872.125000 -1242.190063 -1279.636597	0.071 0.000 0.018
mor_random_ammo	3779.782227 -1570.518677 -1279.629517	-0.091 -0.000 0.046
mor_random_ammo	3786.651123 -1581.399414 -1279.676636	-0.047 -0.000 -0.033
mor_random_ammo	3853.331055 -3235.133545 -1279.622314	0.149 -0.001 -0.119
mor_random_ammo	3866.891602 -3251.301025 -1279.674805	0.047 0.000 -0.032
mor_random_ammo	2087.790039 -2902.627197 -1279.655518	0.049 0.000 -0.019
mor_random_ammo	1353.552124 -1391.258301 -1279.664063	-0.047 -0.000 -0.027
mor_random_ammo	1389.506836 -1405.789307 -1279.537598	-1.148 -0.029 1.397
mor_random_ammo	1609.240601 -295.354004 -1247.632690	0.083 0.000 0.035
mor_random_ammo	1629.786987 -286.573517 -1247.622192	0.147 0.001 0.118
mor_random_ammo	1629.912720 -317.541595 -1247.609741	0.476 0.003 0.524
mor_random_ammo	1614.202271 -268.443756 -1247.550537	0.959 0.026 1.159
mor_random_ammo	1638.273438 -264.730774 -1247.657715	0.048 0.000 -0.022
mor_random_ammo	1693.507568 98.091301 -1279.661743	-0.047 -0.000 -0.025
mor_random_ammo	1299.648438 1213.369507 -1279.669678	0.046 0.000 -0.029
mor_random_ammo	294.222260 1278.870239 -1279.553345	0.963 0.026 1.159
mor_random_ammo	283.591553 1249.956787 -1279.550293	0.979 0.026 1.185
mor_random_ammo	320.775055 1265.883911 -1279.562866	1.161 -0.029 -1.399
mor_random_ammo	-1744.231201 1515.181885 -631.642456	0.059 0.000 0.001
mor_random_ammo	2074.700195 -784.261536 -1279.617798	0.218 -0.001 -0.206
mor_random_ammo	2055.314453 -758.331482 -1279.609863	0.472 0.003 0.519
weapon_mor_r22	-291.505951 -3217.197021 -542.440308	-1.326 -1.033 86.965
weapon_mor_vek	-37.874443 -532.241455 -254.906738	0.629 -3.086 88.463
weapon_mor_uzi	-572.280884 1035.514282 -1189.962402	0.000 0.000 0.000
weapon_mor_lz400	2325.920898 -691.011780 -1279.495483	-2.297 -18.123 85.766
item_ammo_smg1_mor	-619.398193 -3244.239502 -255.593445	0.214 -0.005 0.132
item_ammo_smg1_mor	3542.153076 323.741272 -1255.491211	-0.394 0.011 -0.319
item_ammo_smg1_mor	3558.939697 576.901184 -1255.588745	0.266 -0.005 0.167
item_ammo_smg1_mor	3956.503174 1134.726440 -1279.603271	0.136 -0.005 0.079
item_ammo_smg1_mor	2470.933594 1793.664795 -1279.514771	-0.796 0.003 -0.646
item_ammo_smg1_mor	2182.361572 -458.752350 -1279.593750	0.105 -0.230 0.071
item_ammo_smg1_mor	796.678223 -3121.139648 -1279.586548	-0.297 0.005 0.188
item_ammo_smg1_mor	1076.132568 -958.510132 -1279.559082	-0.043 -0.541 -0.079
item_ammo_smg1_mor	1508.621704 -345.473907 -1247.454346	-0.093 0.018 -0.082
item_ammo_smg1_mor	1458.388184 -209.743927 -1247.473267	-0.193 0.016 -0.169
item_ammo_smg1_mor	1874.959961 -190.443481 -1279.485474	-0.258 0.012 -0.226
item_ammo_smg1_mor	2357.935303 493.306458 -1279.591187	0.239 -0.005 0.148
item_ammo_smg1_mor	1987.508789 1223.511719 -1279.465942	-0.154 0.017 -0.135
item_ammo_smg1_mor	428.024811 1391.807739 -1279.486938	-0.138 0.002 -0.108
item_ammo_smg1_mor	-825.550720 1014.652161 -1191.588745	0.269 -0.005 0.169
item_ammo_smg1_mor	-150.919296 1379.500000 -255.450821	-0.074 0.018 -0.065
item_ammo_smg1_mor	-514.059509 1977.060181 -223.490204	-0.319 0.012 -0.264
item_ammo_smg1_mor	-351.419678 1803.255371 -255.473251	0.193 -0.016 -0.168
item_ammo_smg1_mor	-279.731567 814.836426 -255.586502	0.300 -0.005 0.190
item_ammo_smg1_mor	983.041992 1471.946411 -255.500229	-0.840 0.011 -0.624
item_ammo_smg1_mor	-418.702911 26.220505 -255.489227	-0.326 0.011 -0.275
item_ammo_smg1_mor	-1931.573975 -2273.730957 -255.575577	0.528 -0.004 0.342
item_ammo_smg1_mor	-613.504395 -3215.757568 -639.486877	-0.275 0.012 -0.239
item_ammo_smg1_mor	-286.121796 -1474.705078 -1279.502319	0.866 0.013 -0.642
item_ammo_smg1_mor	1677.921509 -1627.577271 -1279.477295	-0.215 0.016 -0.188
item_ammo_smg1_mor	-61.962337 -2267.635986 -255.516556	-0.375 -0.001 -0.368
item_ammo_smg1_mor	-34.168427 -563.185547 -255.515778	-0.793 0.003 -0.641
item_ammo_smg1_mor	-284.299225 -3240.927002 -543.521729	0.504 -0.001 0.217
mor_random_rifle	1222.319336 -1374.587280 -1279.133789	2.093 -5.688 83.879
mor_random_rifle	1445.147583 -257.265900 -1247.140015	2.172 -5.784 83.942
mor_random_rifle	1590.393311 -184.839325 -1247.139282	2.162 -5.783 83.934
mor_random_rifle	476.132965 -1694.914673 -1279.140991	2.184 -5.785 83.951
mor_random_rifle	-330.236816 -1732.837280 -1279.135376	2.113 -5.691 83.896
mor_random_rifle	-147.168961 -1444.084717 -1279.137939	2.145 -5.699 83.921
mor_random_rifle	2279.333252 -2899.901123 -1279.135376	2.112 -5.691 83.895
mor_random_rifle	4067.108398 -3036.210449 -1279.126831	1.990 -5.920 83.912
mor_random_rifle	3566.265137 215.788940 -1255.144409	2.228 -5.791 83.986
mor_random_rifle	3566.769043 121.969482 -1255.144409	2.228 -5.791 83.986
mor_random_rifle	3880.338623 2264.773193 -1279.137207	2.136 -5.697 83.914
mor_random_rifle	2078.036377 500.056549 -1279.138794	2.156 -5.706 83.929
mor_random_rifle	967.892822 1235.015259 -1279.140381	2.176 -5.784 83.945
mor_random_rifle	23.341328 1208.786377 -1279.146362	2.251 -5.792 84.004
mor_random_rifle	-1368.108887 1222.935425 -1191.144897	2.233 -5.790 83.990
mor_random_rifle	-1264.708252 1009.631653 -255.147095	2.261 -5.796 84.012
mor_random_rifle	-605.868530 1991.049316 -223.146317	2.251 -5.792 84.004
mor_random_rifle	-557.951965 1937.211426 -223.145355	2.239 -5.793 83.995
mor_random_rifle	-331.233734 917.439819 -255.139420	2.164 -5.783 83.936
mor_random_rifle	-995.485779 834.017883 -255.133774	2.093 -5.781 83.880
mor_random_rifle	-411.425446 -415.020752 -223.152557	1.994 -5.926 83.717
mor_random_rifle	-148.279404 -2523.541016 -255.140976	2.184 -5.785 83.951
mor_random_rifle	-617.613342 -2980.212402 -255.144165	2.152 -5.452 83.883
mor_random_rifle	-1774.838013 -2040.642334 -255.163055	2.217 -6.180 84.093
mor_random_rifle	-39.798512 -2134.920410 -255.132629	2.079 -5.781 83.868
mor_random_rifle	549.546021 866.617920 -1279.140625	2.180 -5.785 83.948
mor_random_rifle	1741.895630 -585.463379 -1279.134766	2.105 -5.690 83.889
mor_random_rifle	1652.366211 -1804.375244 -1279.137329	2.137 -5.697 83.915
mor_random_rifle	94.298241 -1877.884521 -1279.132568	2.077 -5.781 83.868
mor_random_rifle	1486.969727 -3228.302490 -1278.966064	2.301 2.885 -84.866
mor_random_rifle	3874.792236 132.807999 -1279.094727	2.310 0.517 -84.143
mor_random_rifle	3566.083740 174.999039 -1255.142212	2.200 -5.787 83.964
mor_random_rifle	3309.473389 -1977.532593 -1279.144043	2.222 -5.788 83.981
mor_random_rifle	3595.526611 -986.763916 -1279.134277	2.099 -5.688 83.884
mor_random_rifle	-615.286743 1008.929138 -255.137955	2.146 -5.782 83.921
mor_random_rifle	-988.636902 1398.261719 -255.137711	2.143 -5.783 83.919
mor_random_rifle	1116.600098 1245.641602 -255.140640	2.180 -5.785 83.948
mor_random_rifle	616.457031 1125.905151 -1279.154663	1.863 -5.615 83.821
info_alien_spawn	3086.744873 -465.679108 -983.474609	0.030 0.000 0.030
info_alien_spawn	3203.932617 -451.744781 -983.503967	-0.042 -0.000 0.042
info_alien_spawn	3190.142578 -555.244324 -983.463196	-0.025 -0.000 0.025
info_alien_spawn	3063.913330 -563.386475 -983.459534	-0.024 -0.000 0.024
info_alien_spawn	3059.446045 -915.196960 -983.512146	-0.045 -0.000 0.045
info_alien_spawn	3196.027344 -912.582581 -983.484192	-0.034 -0.000 0.034
info_alien_spawn	3196.384033 -785.816650 -983.496460	-0.039 -0.000 0.039
info_alien_spawn	3081.619141 -787.032532 -983.497925	0.039 0.000 0.039
info_alien_spawn	4220.214844 -2724.764648 -983.500916	-0.041 -0.000 0.041
info_alien_spawn	4217.486328 -2618.526367 -983.471313	-0.029 -0.000 0.029
info_alien_spawn	4122.901855 -2607.426758 -983.489441	0.036 0.000 0.036
info_alien_spawn	4137.320801 -2719.606934 -983.510437	-0.044 -0.000 0.044
info_alien_spawn	3738.772217 -2724.438721 -983.513855	-0.046 -0.000 0.046
info_alien_spawn	3867.885742 -2732.113281 -983.510437	-0.044 -0.000 0.044
info_alien_spawn	3735.068115 -2635.875732 -983.473511	0.030 0.000 0.030
info_alien_spawn	3867.862793 -2630.270020 -983.505554	-0.042 -0.000 0.042
info_alien_spawn	778.689758 -153.024887 -1063.434082	-0.033 -0.000 0.033
info_alien_spawn	932.632019 -117.312721 -1063.468994	-0.067 -0.000 0.067
info_alien_spawn	932.911011 -239.640411 -1063.454224	-0.053 -0.000 0.053
info_alien_spawn	784.690430 -237.914154 -1063.482666	-0.081 -0.000 0.081
info_alien_spawn	950.415771 -641.131348 -1063.468994	-0.067 -0.000 0.067
info_alien_spawn	785.121277 -637.057312 -1063.468994	-0.067 -0.000 0.067
info_alien_spawn	784.401184 -505.268188 -1063.440796	-0.040 -0.000 0.040
info_alien_spawn	932.031555 -521.009338 -1063.464966	-0.063 -0.000 0.063
info_alien_spawn	960.490601 -351.015442 -1063.448853	-0.048 -0.000 0.048
info_alien_spawn	794.960144 -378.823425 -1063.444580	-0.043 -0.000 0.044
info_alien_spawn	852.281311 -170.387817 -1063.462158	-0.061 -0.000 0.061
info_alien_spawn	881.821533 -305.486023 -1063.450317	-0.049 -0.000 0.049
info_alien_spawn	884.570251 -445.668030 -1063.468018	-0.066 -0.000 0.066
info_alien_spawn	865.396301 -643.669678 -1063.490479	-0.088 -0.000 0.088
info_alien_spawn	337.489868 1372.697876 32.540451	-0.024 -0.000 0.024
info_alien_spawn	479.521393 1380.988770 32.502071	-0.039 -0.000 0.039
info_alien_spawn	470.238708 1266.077148 32.487831	-0.045 -0.000 0.045
info_alien_spawn	344.791443 1264.809082 32.518280	-0.033 -0.000 0.033
info_alien_spawn	410.290283 1330.604492 32.515778	-0.034 -0.000 0.034
info_alien_spawn	487.251740 868.346375 32.531803	-0.027 -0.000 0.027
info_alien_spawn	484.894562 1006.200195 32.499073	-0.041 -0.000 0.041
info_alien_spawn	408.689301 929.626770 32.539547	-0.024 -0.000 0.024
info_alien_spawn	329.662140 864.463806 32.585026	-0.006 -0.000 0.006
info_alien_spawn	345.456482 1014.909729 32.517025	0.033 0.000 0.033
info_alien_spawn	-782.663147 307.159790 32.497536	-0.041 -0.000 0.041
info_alien_spawn	-769.722961 462.133728 32.543922	0.023 0.000 0.023
info_alien_spawn	-699.349304 382.423859 32.510540	-0.036 -0.000 0.036
info_alien_spawn	-637.912903 301.865082 32.513199	-0.035 -0.000 0.035
info_alien_spawn	-632.008911 434.521118 32.539547	-0.024 -0.000 0.024
info_alien_spawn	-277.593018 440.032410 32.532822	-0.027 -0.000 0.027
info_alien_spawn	-385.602509 442.196381 32.502052	0.039 0.000 0.039
info_alien_spawn	-346.137909 379.219025 32.547199	0.021 0.000 0.021
info_alien_spawn	-282.567780 312.106934 32.515778	-0.034 -0.000 0.034
info_alien_spawn	-420.186157 328.452820 32.517036	-0.033 -0.000 0.033
info_alien_spawn	-274.763824 -1464.281616 32.502071	-0.039 -0.000 0.039
info_alien_spawn	-414.329895 -1473.628052 32.502071	-0.039 -0.000 0.039
info_alien_spawn	-341.594666 -1530.119141 32.495979	-0.042 -0.000 0.042
info_alien_spawn	-260.881744 -1608.891113 32.527565	-0.029 -0.000 0.029
info_alien_spawn	-386.636353 -1595.833984 32.499073	-0.041 -0.000 0.041
info_alien_spawn	-768.271301 -1617.485474 32.510544	-0.036 -0.000 0.036
info_alien_spawn	-613.424316 -1609.402832 32.521893	-0.031 -0.000 0.031
info_alien_spawn	-687.459167 -1533.843872 32.506405	-0.038 -0.000 0.038
info_alien_spawn	-763.161621 -1454.458008 32.542217	-0.023 -0.000 0.023
info_alien_spawn	-633.380249 -1478.388672 32.536655	-0.025 -0.000 0.025
mor_random_weapon	546.249512 1358.152954 -1278.786865	1.726 4.926 -92.938
mor_random_weapon	-1735.264648 1492.608643 -1038.777710	1.623 4.921 -93.174
mor_random_weapon	-448.942657 1966.142212 -222.799133	1.865 4.929 -92.619
mor_random_weapon	1602.093750 -331.113922 -1246.769043	1.526 4.913 -93.397
mor_random_weapon	3564.726318 658.230408 -1254.798462	1.858 4.927 -92.637
mor_random_weapon	-58.318600 -2184.172119 -1278.794678	1.814 4.711 -92.736
mor_random_weapon	1126.225464 -1948.242676 -1278.783447	1.689 4.700 -93.025
mor_random_weapon	3770.846436 225.319595 -1181.858154	1.470 4.750 -93.526
mor_random_weapon	-513.131897 -2279.721436 -253.819061	1.707 5.183 -92.543
mor_random_weapon	-567.332947 -521.525574 -46.791168	1.776 4.614 -92.825
item_ammo_battery_mor	3760.540039 784.451660 -1225.629272	-0.011 -0.039 -0.212
item_ammo_battery_mor	3542.115234 538.495361 -1249.840820	0.007 -0.088 0.085
item_ammo_battery_mor	3573.771729 557.311157 -1249.850586	0.008 -0.088 0.102
item_ammo_battery_mor	3593.129150 -925.164368 -1273.959595	0.037 -0.087 0.300
item_ammo_battery_mor	3549.596680 -3.050482 -1249.893433	0.014 -0.088 0.176
item_ammo_battery_mor	3556.254883 103.572380 -1249.911865	0.016 -0.087 0.207
item_ammo_battery_mor	3574.467529 87.325554 -1249.881836	0.012 -0.088 0.156
item_ammo_battery_mor	499.870911 1357.930420 -1273.933838	0.019 -0.085 0.245
item_ammo_battery_mor	470.801453 1366.698853 -1273.887573	0.013 -0.088 0.165
item_ammo_battery_mor	-1416.588013 1426.788208 -1185.884644	0.020 -0.096 0.167
item_ammo_battery_mor	-2031.754883 1427.881592 -1185.917603	0.028 -0.094 0.225
item_ammo_battery_mor	-1897.862183 1430.630981 -617.848694	0.012 0.065 -0.154
item_ammo_battery_mor	1667.552856 -531.036682 -1176.981934	0.105 0.222 -0.523
item_ammo_battery_mor	-391.261444 -585.369263 -217.935898	0.019 -0.085 0.249
item_ammo_battery_mor	2652.448242 -593.392029 -1273.908447	0.026 -0.095 0.209
item_ammo_battery_mor	-737.723145 -2079.591553 -153.921448	0.029 -0.094 0.232
item_ammo_battery_mor	-832.621216 1321.565063 -153.853439	0.014 -0.096 0.111
item_ammo_battery_mor	1630.820190 -248.368988 -1241.962036	0.023 -0.081 0.293
item_ammo_battery_mor	1651.928589 -246.654984 -1241.885986	0.013 -0.088 0.163
item_ammo_battery_mor	544.952209 -1125.164917 -1273.911987	0.016 -0.087 0.207
item_ammo_battery_mor	82.420799 -2021.016602 -1273.838013	0.006 -0.088 0.080
item_ammo_battery_mor	-71.356720 -1481.389771 -1273.858398	0.015 -0.096 0.120
item_ammo_battery_mor	-96.875198 -2151.802979 -1273.917603	0.028 -0.094 0.225
item_ammo_battery_mor	-51.504452 1039.954834 -1273.911987	0.016 -0.087 0.207
item_ammo_battery_mor	807.546997 883.498474 -1273.895142	0.014 -0.088 0.178
item_ammo_battery_mor	2113.754639 1722.250122 -1273.879761	0.005 -0.089 -0.160
item_ammo_battery_mor	2087.374756 1697.861206 -1273.925537	0.029 -0.093 0.240
item_ammo_battery_mor	3290.484375 -1313.348755 -1273.821899	0.004 -0.088 0.052
item_ammo_battery_mor	3317.090332 -1319.195190 -1273.840210	0.006 -0.088 0.084
item_ammo_battery_mor	2774.133789 -3064.062744 -1273.938232	0.032 -0.093 0.262
item_ammo_battery_mor	-1892.384399 -2506.302979 -249.860626	0.001 -0.051 0.095
item_ammo_battery_mor	-1429.906128 -2512.263428 -249.866058	0.002 -0.051 0.102
item_ammo_battery_mor	-1430.288574 -2500.790771 -249.864929	0.002 -0.051 0.101
item_ammo_buckshot_mor	-996.051270 -571.920898 -255.564590	-0.649 -0.005 0.501
item_ammo_buckshot_mor	-415.153137 1283.640259 -255.532715	-0.356 -0.006 0.316
item_ammo_buckshot_mor	984.898315 1033.516113 -255.618652	-0.207 0.001 0.253
item_ammo_buckshot_mor	-41.248005 1735.613525 -255.545074	-0.454 -0.006 0.403
item_ammo_buckshot_mor	3867.978760 -1847.755493 -1279.566406	-0.651 -0.004 0.528
weapon_mor_beretta	874.512451 1349.676514 -1278.465942	87.615 -19.435 -49.380
weapon_mor_beretta	-529.463257 -3228.316162 -1278.461426	87.244 -13.057 -43.042
weapon_mor_mars	-611.686035 -1508.324463 -254.913956	-0.446 19.347 85.957
need_food	848.161438 1444.984009 -237.706619	0.206 -0.000 -0.103
need_food	848.196960 1286.602417 -237.710129	0.092 0.069 0.042
need_food	1198.357910 1455.984253 -237.713898	-0.000 -0.242 -0.009
need_food	1195.101807 1296.078369 -237.709229	-0.007 4.226 -0.000
need_food	1198.596924 1150.824219 -225.903549	-0.145 179.105 -179.999
need_food	1199.608276 1052.323853 -237.708710	0.005 -0.111 -0.000
need_food	826.844238 1366.648560 -237.706451	-0.001 93.629 0.000
need_food	1221.029053 1382.630371 -237.722458	-0.005 89.285 -0.016
need_food	1230.191284 1226.509521 -237.720032	-0.000 94.192 0.016
need_wash	2655.821289 572.367310 -1257.731567	0.056 -0.014 0.002
need_wash	2595.786377 662.426208 -1257.724365	-0.043 90.208 -0.000
need_wash	2595.251221 486.486481 -1257.779663	0.000 -91.288 -0.088
need_bed	-1805.776367 -2442.039551 -237.710007	0.098 -0.235 -0.053
need_bed	-1715.253540 -2434.096436 -237.706451	0.000 2.235 0.000
need_bed	-1614.585083 -2432.290039 -237.750763	0.002 0.120 0.024
need_bed	-1522.910522 -2432.782715 -237.706772	0.000 -0.317 0.000
need_bed	-1522.781250 -2114.849854 -237.734390	0.000 -0.116 -0.034
need_bed	-1615.415039 -2113.123291 -237.709579	0.010 -0.331 -0.009
need_bed	-1806.536255 -2109.203369 -237.743729	0.041 -0.073 -0.032
need_bed	-1714.765747 -2111.278320 -237.729065	-0.074 0.154 0.010
need_bed	-1485.362671 -2191.146729 -237.759628	0.128 99.273 -0.000
need_bed	-1850.033325 -2357.526855 -237.758835	-0.126 -93.536 0.000
need_bed	-1672.942261 -2358.786865 -237.721802	0.000 88.588 0.019
need_bed	-1499.628540 -2359.247314 -237.707550	0.000 92.112 0.001
need_bed	-1664.294556 -2184.637695 -237.765717	0.069 89.480 -0.101
need_bed	-1844.017334 -2191.546143 -237.718781	-0.030 81.806 0.000
weapon_glowstick	-2038.001587 1048.425781 -1184.999878	-0.456 0.861 -0.100
weapon_glowstick	-275.023834 -3092.877197 -1272.968750	-0.296 0.814 -0.059
weapon_glowstick	-204.803711 1829.140381 -249.011383	-0.481 0.789 -0.096
weapon_glowstick	-423.143311 1999.566528 -216.947998	0.436 -0.095 2.869
weapon_glowstick	-411.563538 2000.101440 -216.934448	0.327 -0.105 2.152
weapon_glowstick	884.314636 1381.541016 -1273.003296	-0.446 0.797 -0.089
weapon_glowstick	3563.210938 732.884827 -1248.932617	1.402 0.026 1.001
weapon_glowstick	3585.131836 714.062927 -1248.976685	2.985 0.077 2.133
weapon_glowstick	1093.769165 1469.053589 -249.014801	-0.496 0.782 -0.099
weapon_glowstick	2678.551025 465.219635 -1269.023438	-0.563 0.832 -0.124
weapon_glowstick	4065.979004 2286.533203 -1273.069702	-0.774 0.733 -0.170
weapon_glowstick	-625.338135 -3091.280273 -825.019714	-0.546 0.843 -0.120
weapon_glowstick	-184.820007 -1971.135986 -153.038925	1.042 0.026 1.058
weapon_glowstick	-191.849030 -1981.737427 -152.962540	-0.285 0.880 -0.063
weapon_glowstick	-191.052811 1420.165161 -152.925735	-0.117 0.885 -0.026
weapon_glowstick	-184.432846 1432.771484 -153.027222	-0.580 0.834 -0.127
weapon_glowstick	-1881.598633 1423.708008 -1033.054688	0.638 -0.006 -0.096
weapon_glowstick	3585.644287 -21.498472 -1248.961792	-0.267 0.816 -0.053
weapon_glowstick	2063.753174 -596.003784 -1273.035156	-0.617 0.816 -0.135
weapon_glowstick	1570.809204 -350.249573 -1241.020142	-0.519 0.781 -0.103
weapon_glowstick	393.308777 1133.348999 -1055.697388	-0.087 0.686 -0.019
weapon_glowstick	-521.543701 94.552483 -125.780579	-0.405 0.656 -0.089
weapon_glowstick	-179.281982 -2441.738770 -152.995438	-0.436 0.866 -0.096
weapon_glowstick	3851.128174 -3026.824707 -1272.974976	-0.342 0.876 -0.075
weapon_glowstick	559.702881 -3027.607178 -1272.996948	-0.442 0.861 -0.097
weapon_glowstick	-1761.809570 1502.977417 -625.050720	-0.651 0.734 -0.129
weapon_glowstick	-1766.292236 -2514.298584 -249.037689	-0.515 0.605 -0.123
weapon_mor_zx9	1524.441772 -157.877670 -1242.940674	-2.761 -0.787 0.299
weapon_mor_zx9	3549.645752 291.646851 -1250.911255	-2.729 -0.783 0.185
weapon_mor_zx9	-202.144012 1786.075562 -250.936142	-2.756 -0.787 0.281
weapon_mor_zx9	-191.491135 1868.891602 -250.936142	-2.756 -0.787 0.281
weapon_mor_blaster	3766.292480 790.424927 -1230.713501	1.840 -20.646 -86.074
weapon_mor_blaster	-1576.355225 813.061340 -623.143188	2.063 -20.100 -84.129
weapon_mor_blaster	1672.078125 -539.534302 -1182.123291	2.041 -20.549 -85.724
weapon_mor_blaster	-405.171661 -602.009277 -223.029236	2.138 -18.674 -85.554
weapon_mor_blaster	2661.545166 -600.190918 -1279.177124	2.211 -18.361 -83.811
weapon_mor_blaster	-735.783997 -2063.409668 -159.029144	2.222 -18.330 -85.409
weapon_mor_blaster	-832.000305 1333.870850 -159.105133	2.239 -18.492 -84.548
weapon_mor_scarm8	-994.612610 -592.127075 -254.754486	0.368 9.321 84.713
weapon_mor_scarm8	-419.275513 1312.285156 -254.774292	0.501 9.309 84.231
weapon_mor_scarm8	976.001526 1016.486572 -254.755310	0.407 9.312 84.648
weapon_mor_scarm8	-72.309975 1706.544312 -254.738754	0.326 9.312 85.013
weapon_mor_scarm8	3862.741455 -1867.810425 -1278.764038	0.405 9.320 84.519
item_ammo_pistol_mor	674.625305 1004.968994 -255.631195	-0.113 -0.019 -0.034
item_ammo_pistol_mor	-1285.576782 1230.325073 -255.556198	-0.048 -0.020 -0.014
item_ammo_pistol_mor	-362.611725 -784.661072 -223.677032	-0.154 -0.018 -0.046
item_ammo_pistol_mor	-371.285034 -785.927429 -223.629257	-0.112 -0.019 -0.034
item_ammo_pistol_mor	-856.115173 -1991.828369 -255.579010	-0.068 -0.020 -0.021
item_ammo_pistol_mor	-857.362305 -2047.079346 -255.604843	-0.090 -0.020 -0.027
item_ammo_pistol_mor	-856.513062 -2074.998779 -255.603302	-0.089 -0.020 -0.027
item_ammo_pistol_mor	-263.572388 -2587.554932 -255.528687	-0.024 -0.020 -0.007
item_ammo_pistol_mor	1079.883301 1493.878906 -255.523804	-0.020 -0.020 -0.006
item_ammo_pistol_mor	1094.546021 1493.731323 -255.654694	-0.134 -0.019 -0.041
item_ammo_pistol_mor	-1775.230713 1521.015625 -631.549194	-0.042 -0.020 -0.013
item_ammo_pistol_mor	-608.827393 1943.088135 -223.654587	0.405 0.008 0.059
item_ammo_pistol_mor	1482.783691 -165.716965 -1247.561401	-0.053 -0.020 -0.016
item_ammo_pistol_mor	1426.379761 -1194.616577 -1279.606445	-0.092 -0.020 -0.028
item_ammo_pistol_mor	1878.198120 -1394.156738 -1279.604858	-0.090 -0.020 -0.027
item_ammo_pistol_mor	-291.474884 -1865.533691 -1231.350342	0.139 0.019 -0.028
item_ammo_pistol_mor	-214.924652 -3046.926270 -1279.661865	-0.140 -0.019 -0.042
item_ammo_pistol_mor	1980.900879 -3050.127686 -1279.637329	-0.119 -0.019 -0.036
item_ammo_pistol_mor	3547.936279 -1410.512573 -1279.570190	-0.060 -0.020 -0.018
item_ammo_pistol_mor	-571.280090 1015.088684 -1191.571167	-0.061 -0.020 -0.018
item_ammo_pistol_mor	892.554688 1347.133179 -1279.532227	-0.027 -0.020 -0.008
item_ammo_pistol_mor	2207.533691 -3232.402588 -1279.536743	-0.031 -0.020 -0.009
item_ammo_pistol_mor	-546.538208 -3218.952148 -1279.608032	-0.093 -0.020 -0.028
item_ammo_pistol_mor	-331.705475 -2227.739258 -1279.601807	-0.088 -0.020 -0.027
item_ammo_pistol_mor	3563.689453 -567.245117 -1279.633179	-0.115 -0.019 -0.035
weapon_mor_medkit	-2039.357422 1195.459961 -1191.518311	-0.844 -0.270 0.033
weapon_mor_medkit	-412.049133 1981.576294 -223.531845	-1.074 0.601 0.060
weapon_mor_medkit	3577.696045 743.292419 -1255.526489	-0.963 0.592 0.066
weapon_mor_medkit	-1753.331055 1488.862305 -255.527893	-0.991 0.596 0.064
weapon_mor_medkit	1164.356079 1005.661011 -255.530304	-1.042 0.602 0.062
weapon_mor_medkit	2677.099365 681.559875 -1275.499390	-0.395 -0.237 0.094
weapon_mor_medkit	-828.635986 -2556.285400 -159.520981	-0.908 -0.257 0.024
weapon_mor_medkit	-824.404968 851.470947 -159.515305	-0.775 -0.277 0.042
weapon_mor_medkit	-1558.376953 816.811279 -231.514755	-0.346 -0.399 0.366
weapon_mor_medkit	1633.051147 -213.024124 -1247.532959	-1.097 0.609 0.059
weapon_mor_medkit	-91.243538 -3147.717041 -1149.326416	-1.549 1.922 -0.005
weapon_mor_medkit	-1425.727661 -2034.961792 -255.520889	-0.814 2.015 0.096
mor_random_pistol	681.071655 1017.376587 -255.029358	2.016 -18.722 -85.767
mor_random_pistol	-1308.665039 1232.494263 -255.029449	1.937 -18.776 -85.904
mor_random_pistol	-325.047302 -719.942688 -223.029449	1.937 -18.776 -85.904
mor_random_pistol	-319.756012 -767.908936 -223.029266	2.110 -18.682 -85.603
mor_random_pistol	-1002.663269 -2030.366577 -255.029404	1.979 -18.746 -85.831
mor_random_pistol	-994.550232 -1988.908325 -255.029480	1.917 -18.794 -85.940
mor_random_pistol	-969.548096 -1988.021118 -255.029205	2.157 -18.669 -85.523
mor_random_pistol	-288.478394 -2593.680664 -255.029190	2.169 -18.665 -85.501
mor_random_pistol	-744.625610 1455.906006 -255.029785	1.663 -18.654 -86.382
mor_random_pistol	1023.927979 1490.751099 -255.029373	2.008 -18.733 -85.781
mor_random_pistol	1054.159180 1467.362793 -255.029282	2.082 -18.692 -85.653
mor_random_pistol	351.743805 1228.433472 -255.029434	1.947 -18.775 -85.887
mor_random_pistol	-1770.114258 1512.975342 -631.029419	1.947 -18.776 -85.887
mor_random_pistol	-616.727844 1951.422363 -223.013428	2.686 -17.331 -85.878
mor_random_pistol	1493.193359 -165.802231 -1247.029297	2.038 -18.713 -85.729
mor_random_pistol	1462.111572 -319.753937 -1247.029419	1.952 -18.760 -85.879
mor_random_pistol	1439.285767 -315.907440 -1247.029419	1.922 -18.795 -85.931
mor_random_pistol	1466.638672 -347.144348 -1247.029297	2.079 -18.698 -85.658
mor_random_pistol	1434.229370 -1212.366577 -1279.032471	2.723 -20.623 -85.409
mor_random_pistol	1876.195313 -1376.935913 -1279.146973	2.223 -18.473 -84.119
mor_random_pistol	-313.097046 -1877.091675 -1230.713501	1.806 -20.667 -86.134
mor_random_pistol	-222.931564 -3071.275879 -1279.154419	2.220 -18.437 -84.044
mor_random_pistol	2004.134644 -3048.732666 -1279.125488	1.239 -21.715 -84.740
mor_random_pistol	3535.850342 -1399.770630 -1279.029419	2.045 -18.713 -85.717
mor_random_pistol	-326.497040 -2247.010742 -1279.101807	2.240 -18.493 -84.583
mor_random_pistol	3574.215088 -558.966980 -1279.087891	2.245 -18.496 -84.725
mor_random_smg	-599.669495 -3232.409180 -254.906830	0.321 6.182 -87.291
mor_random_smg	3559.557373 338.440033 -1254.907104	0.333 6.554 -87.306
mor_random_smg	3572.243164 591.238525 -1254.905762	0.283 6.553 -87.244
mor_random_smg	3981.641113 1127.289917 -1278.905762	0.281 6.176 -87.242
mor_random_smg	2481.354980 1817.637939 -1278.905762	0.283 6.175 -87.245
mor_random_smg	2173.609863 -480.808990 -1278.887573	0.059 2.505 -87.426
mor_random_smg	808.618958 -3146.827148 -1278.977051	0.216 6.220 -86.808
mor_random_smg	1077.014648 -949.759888 -1279.040894	0.284 6.113 -86.465
mor_random_smg	1533.353394 -357.422821 -1246.906860	0.322 6.549 -87.293
mor_random_smg	1467.916748 -195.079071 -1246.905518	0.274 6.546 -87.232
mor_random_smg	1876.958862 -168.168915 -1278.904785	0.246 6.161 -87.198
mor_random_smg	2386.130859 472.864441 -1278.907104	0.330 6.549 -87.301
mor_random_smg	1948.540894 1220.924194 -1278.906616	0.313 6.550 -87.280
mor_random_smg	402.747589 1376.389038 -1278.905396	0.268 6.544 -87.225
mor_random_smg	-820.587158 1030.880005 -1190.903687	0.208 2.798 -87.152
mor_random_smg	-157.733551 1396.566895 -254.905762	0.283 6.553 -87.244
mor_random_smg	-509.723083 1942.897339 -222.904510	0.238 6.527 -87.189
mor_random_smg	-334.654755 1825.918579 -254.905960	0.290 6.553 -87.253
mor_random_smg	-228.130783 811.557922 -254.906967	0.326 6.549 -87.297
mor_random_smg	951.002869 1469.600098 -254.906418	0.306 6.551 -87.273
mor_random_smg	-420.257690 45.310734 -254.907013	0.328 6.549 -87.299
mor_random_smg	-1932.555420 -2294.110352 -255.291702	0.018 -8.477 83.175
mor_random_smg	-611.385681 -3198.192871 -638.906189	0.297 6.174 -87.261
mor_random_smg	-317.650177 -1483.283813 -1278.906616	0.313 6.175 -87.281
mor_random_smg	1641.225220 -1630.836182 -1278.905518	0.271 6.177 -87.229
mor_random_smg	-68.719215 -2253.346191 -254.904160	0.226 0.748 -87.174
item_ammo_revolver_mor	1227.902344 -1346.146851 -1279.591797	-0.079 -0.020 -0.024
item_ammo_revolver_mor	1451.166382 -291.571625 -1247.632935	0.026 0.031 0.004
item_ammo_revolver_mor	1586.519409 -172.157730 -1247.560547	-0.052 -0.020 -0.016
item_ammo_revolver_mor	483.253754 -1685.813599 -1279.654785	-0.134 -0.019 -0.040
item_ammo_revolver_mor	-348.825775 -1708.404053 -1279.598877	-0.085 -0.020 -0.026
item_ammo_revolver_mor	-110.458771 -1447.577271 -1279.586426	-0.074 -0.020 -0.022
item_ammo_revolver_mor	2273.643799 -2929.875244 -1279.637329	-0.119 -0.019 -0.036
item_ammo_revolver_mor	4065.978271 -3062.291260 -1279.627441	-0.110 -0.019 -0.033
item_ammo_revolver_mor	3547.438232 -44.285309 -1255.629272	-0.112 -0.019 -0.034
item_ammo_revolver_mor	3570.403564 -44.930622 -1255.614624	-0.099 -0.020 -0.030
item_ammo_revolver_mor	3560.226318 140.667435 -1255.652344	-0.132 -0.019 -0.040
item_ammo_revolver_mor	3556.211182 243.005142 -1255.654663	-0.134 -0.019 -0.041
item_ammo_revolver_mor	3908.024658 2273.695313 -1279.587769	-0.075 -0.020 -0.023
item_ammo_revolver_mor	2073.531738 524.596924 -1279.643555	-0.124 -0.019 -0.038
item_ammo_revolver_mor	975.556213 1213.659302 -1279.591797	-0.079 -0.020 -0.024
item_ammo_revolver_mor	45.316002 1211.403809 -1279.619995	-0.104 -0.020 -0.031
item_ammo_revolver_mor	-1333.254272 1221.330322 -1191.585083	-0.073 -0.020 -0.022
item_ammo_revolver_mor	-1297.158936 1014.720154 -255.621735	-0.105 -0.020 -0.032
item_ammo_revolver_mor	-610.098938 2008.387329 -223.594452	-0.081 -0.020 -0.025
item_ammo_revolver_mor	-559.900024 1956.399780 -223.621750	-0.105 -0.020 -0.032
item_ammo_revolver_mor	-327.906219 885.111084 -255.639297	-0.121 -0.019 -0.036
item_ammo_revolver_mor	-976.200623 813.023743 -255.575562	-0.065 -0.020 -0.020
item_ammo_revolver_mor	-415.787964 -404.712219 -223.562729	0.169 0.578 0.088
item_ammo_revolver_mor	-157.992828 -2547.468994 -255.612976	-0.098 -0.020 -0.030
item_ammo_revolver_mor	-622.641113 -3004.938721 -255.542496	-0.036 -0.020 -0.011
item_ammo_revolver_mor	-1753.947754 -2034.401489 -255.671814	-0.149 -0.018 -0.045
item_ammo_revolver_mor	-13.000356 -2123.025635 -255.639297	-0.121 -0.019 -0.036
item_ammo_revolver_mor	519.005554 858.159607 -1279.600342	-0.086 -0.020 -0.026
item_ammo_revolver_mor	1736.352661 -558.171021 -1279.580200	-0.069 -0.020 -0.021
item_ammo_revolver_mor	1643.805054 -1779.884888 -1279.661865	-0.140 -0.019 -0.042
item_ammo_revolver_mor	116.478523 -1880.086670 -1279.643555	-0.124 -0.019 -0.038
item_ammo_revolver_mor	1458.049438 -3234.330078 -1279.629272	-0.112 -0.020 -0.034
item_ammo_revolver_mor	3872.072998 162.257080 -1279.587769	-0.075 -0.020 -0.023
item_ammo_revolver_mor	3303.016602 -1942.383545 -1279.570190	-0.060 -0.020 -0.018
item_ammo_revolver_mor	-619.793030 -1480.705444 -255.606430	-0.092 -0.020 -0.028
item_ammo_revolver_mor	3577.081055 -961.759460 -1279.575562	-0.065 -0.020 -0.020
item_ammo_revolver_mor	2325.466553 -678.017334 -1279.647949	-0.128 -0.019 -0.039
item_ammo_revolver_mor	-623.467712 1036.663696 -255.569122	-0.059 -0.020 -0.018
item_ammo_revolver_mor	-991.952454 1427.080444 -255.597321	-0.084 -0.020 -0.025
item_ammo_revolver_mor	1129.455688 1255.614258 -255.594452	-0.081 -0.020 -0.025
item_ammo_revolver_mor	616.820007 1146.653564 -1279.657104	-0.136 -0.019 -0.041
weapon_frag	2192.350098 687.755981 -1278.000000	0.000 0.000 0.000
weapon_frag	-620.484863 -3116.381348 -1277.832886	-38.159 -50.769 -92.097
weapon_frag	-618.694885 -3093.294434 -1277.868652	-36.292 -49.270 -90.843
weapon_frag	-604.749390 -3095.509277 -1277.854248	-36.513 -49.467 -91.188
weapon_frag	-99.951874 2013.975708 -253.841690	-36.703 -49.289 -91.488
weapon_frag	-90.959846 2026.372803 -253.838135	-36.757 -49.234 -91.574
weapon_frag	-104.470734 2030.371216 -253.869949	-36.271 -49.711 -90.812
weapon_frag	-1617.213623 1455.796387 -1038.135376	-37.916 -76.826 -86.039
weapon_frag	-1608.248535 1463.656982 -1037.852661	-36.536 -49.453 -91.224
weapon_frag	-1604.588989 1455.350220 -1038.349487	11.969 -28.737 -80.281
weapon_frag	1312.354492 634.914856 -1278.944336	26.273 -23.066 -55.006
weapon_frag	738.406982 583.833008 -1277.883057	-36.072 -49.886 -90.504
weapon_frag	-196.949356 -2554.567871 -157.808792	-37.206 -55.243 -92.292
weapon_frag	-202.701050 -2545.896484 -157.695770	37.809 -37.200 -90.003
weapon_frag	-188.572296 -2540.910400 -157.787125	-37.744 -55.510 -92.898
weapon_frag	-452.729553 -635.020264 -45.884377	-36.051 -49.922 -90.472
weapon_frag	-464.606903 -637.920044 -45.782578	-37.606 -48.334 -92.946
weapon_frag	-451.862671 -640.815613 -45.803562	-37.285 -48.684 -92.421
weapon_frag	-198.381317 852.812134 -157.880753	-37.697 -54.813 -91.534
weapon_frag	-201.408310 851.052490 -156.949036	-33.154 4.760 -111.740
weapon_frag	-193.134644 845.659119 -157.801178	-37.322 -55.118 -92.481
weapon_frag	-267.078827 -3252.400391 -1117.985962	-32.446 -6.449 -89.155
weapon_frag	-1910.884033 -2034.253174 -253.896988	-38.484 -57.083 -90.895
weapon_frag	-1900.423584 -2036.075195 -254.145996	-35.298 -60.021 -85.323
weapon_frag	-1905.431641 -2041.528931 -253.918060	-37.285 -57.723 -90.134
player_start	-602.363464 930.637512 -255.428833	-0.028 -0.000 0.028
player_start	-431.190186 927.992065 -255.457581	-0.056 -0.000 0.056
player_start	-697.979370 1204.946045 -255.486496	-0.085 -0.000 0.085
player_start	-368.215515 1203.253784 -255.475510	-0.074 -0.000 0.074
player_start	-412.940399 1396.575073 -255.441971	-0.041 -0.000 0.041
player_start	-633.123474 1323.313477 -255.475510	-0.074 -0.000 0.074
player_start	-764.656250 1055.259888 -255.431549	-0.031 -0.000 0.031
player_start	-225.722412 1042.085938 -255.476669	-0.075 -0.000 0.075
player_start	-224.549698 1201.464966 -255.462082	-0.061 -0.000 0.061
player_start	-1245.477783 1133.454956 -255.455048	0.054 0.000 0.054
player_start	-513.892273 176.466934 -255.475510	-0.074 -0.000 0.074
player_start	-509.055267 472.922668 -255.463013	-0.062 -0.000 0.062
player_start	-503.574951 -1660.659058 -255.474380	-0.073 -0.000 0.073
player_start	-506.674194 -1422.256226 -255.470032	-0.068 -0.000 0.068
player_start	-367.735992 -2369.517578 -255.455872	-0.055 -0.000 0.055
player_start	-335.175934 -2219.513184 -255.456177	-0.054 -0.000 0.054
player_start	-227.435150 -2341.093994 -255.448792	-0.048 -0.000 0.048
player_start	-203.479538 -2187.244629 -255.462082	-0.061 -0.000 0.061
player_start	-371.003326 -2136.602783 -255.455872	-0.055 -0.000 0.055
player_start	-419.484314 -2009.393921 -255.471100	-0.069 -0.000 0.069
player_start	-606.202271 -1974.249390 -255.453400	-0.052 -0.000 0.052
player_start	-648.434937 -2121.791504 -255.468979	-0.067 -0.000 0.067
player_start	-761.494141 -2162.850342 -255.446686	-0.045 -0.000 0.045
player_start	-786.699219 -2373.094727 -255.449524	-0.048 -0.000 0.048
player_start	-647.339600 -2380.759277 -255.465927	-0.064 -0.000 0.064
player_start	-614.295105 -2513.292969 -255.455978	-0.054 -0.000 0.054
player_start	-397.325897 -2509.593506 -255.471100	-0.069 -0.000 0.069
player_start	-502.467834 -2926.793457 -255.466934	-0.065 -0.000 0.065
player_start	-1418.877319 -2267.139404 -255.495331	-0.154 -0.021 0.044
player_start	-1326.008179 -2285.193359 -255.468979	-0.067 -0.000 0.067
player_start	-1726.963501 -2267.941162 -255.471527	0.007 0.000 0.007
player_start	-1587.281128 -2273.056396 -255.514160	-0.011 -0.000 0.011
player_start	1016.516418 1374.983765 -255.475510	-0.074 -0.000 0.074
player_start	1018.881409 1246.501831 -255.458450	-0.057 -0.000 0.057
player_start	997.015015 1108.817749 -255.473267	-0.072 -0.000 0.072
player_start	939.092346 1179.332886 -255.441345	-0.040 -0.000 0.040
player_start	756.759888 1126.432983 -255.477829	-0.076 -0.000 0.076
player_start	495.616882 -974.503296 -1279.461182	-0.060 -0.000 0.060
player_start	459.285248 -1186.670654 -1279.438354	-0.037 -0.000 0.037
player_start	469.663055 -1433.849609 -1279.448853	-0.047 -0.000 0.048
player_start	480.146301 -1817.550049 -1279.477905	-0.076 -0.000 0.076
player_start	480.391693 -2114.130371 -1279.485229	-0.083 -0.000 0.083
player_start	-228.067337 -2001.998779 -1279.454468	-0.066 -0.000 0.066
player_start	-157.126144 -1706.704712 -1279.466309	-0.080 -0.000 0.080
player_start	1292.447998 -256.383209 -1279.474731	-0.090 -0.000 0.090
player_start	1518.407104 -482.172760 -1279.478271	-0.095 -0.000 0.094
player_start	1770.956177 -378.268616 -1279.457886	-0.070 -0.000 0.070
player_start	1744.835205 -22.040491 -1279.456177	-0.068 -0.000 0.068
player_start	1532.963135 -1471.816650 -1279.470459	-0.085 -0.000 0.085
player_start	1771.013062 -1745.062500 -1279.457886	0.070 0.000 0.070
player_start	1748.903931 -949.182373 -1279.435059	-0.034 -0.000 0.034
player_start	1248.688721 -932.313232 -1279.463135	-0.062 -0.000 0.062
player_start	889.721619 -941.113281 -1279.481445	-0.080 -0.000 0.080
player_start	2168.910889 -655.829590 -1279.430298	-0.037 0.000 0.036
player_start	2183.941650 -55.782383 -1279.413574	-0.023 0.000 0.010
player_start	2184.947998 525.981934 -1279.459595	-0.072 -0.000 0.072
player_start	2182.571533 1119.909058 -1279.429932	-0.036 0.000 0.036
player_start	2185.070557 1673.597168 -1279.465332	0.079 0.000 0.079
player_start	2752.449463 1998.994263 -1279.443604	-0.052 -0.000 0.052
player_start	3199.889404 2212.150635 -1279.448364	-0.058 -0.000 0.058
player_start	3700.769775 2196.172852 -1279.460571	-0.073 -0.000 0.073
player_start	3987.436279 2080.851074 -1279.454468	-0.066 -0.000 0.066
player_start	3973.740234 1357.738647 -1279.436890	-0.045 -0.000 0.044
player_start	3968.088867 736.639282 -1279.455322	-0.067 -0.000 0.067
player_start	3964.620850 69.536690 -1279.445557	-0.055 -0.000 0.055
player_start	3982.096436 -712.469055 -1279.435303	-0.043 -0.000 0.042
player_start	3979.943115 -1446.181519 -1279.457031	-0.069 -0.000 0.069
player_start	3976.122314 -2180.152100 -1279.468262	-0.083 -0.000 0.082
player_start	3973.654053 -2653.680420 -1279.470459	-0.085 -0.000 0.085
player_start	3413.413086 -3172.584473 -1279.466309	-0.080 -0.000 0.080
player_start	2871.240479 -3159.577148 -1279.457886	-0.070 -0.000 0.070
player_start	1797.852173 -3129.234863 -1279.445557	-0.055 -0.000 0.055
player_start	1082.175049 -3137.455322 -1279.441528	-0.050 -0.000 0.050
player_start	305.179077 -3142.935547 -1279.470459	-0.085 -0.000 0.085
player_start	-395.019409 -3195.168945 -1279.470093	-0.068 -0.000 0.068
player_start	2176.318359 -2405.379639 -1279.426880	-0.033 0.000 0.032
player_start	2187.437012 -1776.477539 -1279.466309	-0.080 -0.000 0.080
player_start	2194.477539 -1290.947021 -1279.461426	-0.074 -0.000 0.074
player_start	3265.168213 -682.693542 -1279.475952	-0.092 -0.000 0.092
player_start	3655.552002 -643.163147 -1279.467285	-0.081 -0.000 0.081
player_start	3763.102295 -30.458870 -1279.454468	-0.066 -0.000 0.066
player_start	3797.408936 527.475586 -1279.477051	-0.093 -0.000 0.093
player_start	790.223694 1085.881104 -1279.484009	-0.082 -0.000 0.082
player_start	490.821960 1195.364502 -1279.446045	0.045 0.000 0.045
player_start	360.988617 995.802917 -1279.486572	-0.085 -0.000 0.085
player_start	840.547974 1249.406860 -1279.451904	-0.051 -0.000 0.051
player_start	-121.643471 1114.781738 -1279.479126	-0.077 -0.000 0.077
player_start	1308.571655 1127.875854 -1279.462158	-0.061 -0.000 0.061
player_start	2387.000977 564.344238 -1279.442017	-0.041 -0.000 0.041
player_start	3413.132813 -1764.866089 -1279.434082	-0.033 -0.000 0.033
player_start	3428.583008 -1581.410767 -1279.426025	-0.025 -0.000 0.026
weapon_mor_usp	2220.007813 -3232.105713 -1278.979980	0.778 -34.392 -90.416
