# morbus weapon/ammo placement overrides - Thank TTT for this lua code
# For map: mor_skandalon_b3
# Exported by: Remscar
setting:	replacespawns 1
weapon_mor_ump	413.884583 1750.820557 0.891795	-0.104 -17.578 88.951
weapon_mor_ump	83.659660 -1186.806274 353.623169	-0.346 -17.784 89.115
weapon_mor_ump	-19.806896 1483.591675 352.840454	-0.369 -20.723 89.158
weapon_mor_ka47	-1542.010376 1200.144287 1.180942	-0.650 -9.554 83.639
weapon_mor_ka47	84.170128 1324.328003 353.484619	-0.731 -22.997 -84.990
weapon_mor_sc7	779.082458 1365.011475 1.703849	0.742 -0.742 -80.772
weapon_mor_sc7	31.497431 1284.583740 353.290833	0.373 -4.823 87.084
need_piss	-1256.097900 1128.651245 18.301056	-0.012 0.004 -0.002
need_piss	-1260.154297 990.272522 18.223631	0.047 -3.154 0.022
need_piss	-1264.552734 850.085754 18.207785	0.002 -1.864 0.007
mor_random_ammo	-1292.661133 29.588079 -287.655426	0.048 0.000 -0.019
mor_random_ammo	-1155.284912 297.976959 -287.588318	-1.082 -0.014 1.263
mor_random_ammo	-1031.705322 203.875931 -287.659271	-0.047 -0.000 -0.023
mor_random_ammo	-679.053772 283.738922 -287.544342	-1.262 -0.031 1.527
mor_random_ammo	-283.829559 297.774963 -287.660034	0.047 0.000 -0.023
mor_random_ammo	266.910522 293.863007 -287.636505	0.071 0.000 0.017
mor_random_ammo	313.499420 112.833961 -287.634583	0.076 0.000 0.025
mor_random_ammo	315.290192 -262.490417 -287.605194	1.452 0.025 1.713
mor_random_ammo	304.769043 -536.855286 -287.655426	0.048 0.000 -0.019
mor_random_ammo	422.455566 -820.795532 -287.662354	0.047 -0.000 0.025
mor_random_ammo	-263.823151 -299.000916 -287.636505	0.071 0.000 0.018
mor_random_ammo	-505.821808 -226.675247 -287.669647	0.046 0.000 -0.029
mor_random_ammo	-938.117432 -352.262573 -287.640472	0.063 0.000 0.006
mor_random_ammo	-850.442932 -447.030426 -287.605652	0.928 0.011 1.075
mor_random_ammo	-819.643738 -1036.396118 -287.674713	0.047 0.000 -0.032
mor_random_ammo	-913.706970 -1236.467896 -287.617462	0.212 0.001 0.199
mor_random_ammo	-2043.657959 205.997040 -287.627350	-0.528 0.005 0.011
mor_random_ammo	-1995.790161 203.279724 -287.542389	-1.228 -0.030 1.488
mor_random_ammo	-2013.387329 250.001999 -287.585602	-1.236 -0.018 1.450
mor_random_ammo	-323.852356 698.595764 -287.687256	-0.048 -0.000 -0.037
mor_random_ammo	-285.985443 704.185486 -287.621704	-0.135 -0.000 0.102
mor_random_ammo	226.028168 1838.704346 -287.638458	0.066 -0.000 -0.011
mor_random_ammo	196.129669 1839.598633 -287.614868	0.278 -0.001 -0.280
mor_random_ammo	182.533035 1804.311768 -287.642487	0.059 0.000 0.000
mor_random_ammo	465.433655 733.010620 -287.652405	-0.050 -0.000 -0.017
mor_random_ammo	419.267487 739.323608 -287.656952	-0.048 -0.000 -0.021
mor_random_ammo	373.390472 749.464600 -287.595764	-0.717 -0.007 0.818
mor_random_ammo	50.613140 753.676453 0.391252	0.543 0.004 0.606
mor_random_ammo	-110.787910 -304.847382 0.370597	-0.091 -0.000 0.045
mor_random_ammo	-148.937393 -298.488831 0.391713	-0.323 -0.002 0.335
mor_random_ammo	-873.419189 -161.497116 2.662359	-1.232 -48.035 -89.969
mor_random_ammo	-861.712463 -130.994827 0.465171	-0.583 0.890 -1.572
mor_random_ammo	-837.624207 -130.948715 0.462501	-0.841 -4.169 -0.016
mor_random_ammo	-1105.434448 164.920059 16.387606	0.364 -0.002 -0.387
mor_random_ammo	-1126.487305 194.930206 18.714083	88.901 127.007 88.892
mor_random_ammo	-1129.874634 221.770096 16.482037	-1.855 17.175 1.525
mor_random_ammo	-1058.119629 196.001266 16.385359	0.276 0.001 0.278
mor_random_ammo	-1065.231689 162.135834 16.365421	0.077 0.000 0.026
mor_random_ammo	-1065.144897 216.122223 16.432508	1.368 0.033 1.659
mor_random_ammo	892.274231 914.695068 160.487503	1.020 -3.558 1.235
mor_random_ammo	888.299072 956.630127 161.656937	31.571 -0.474 0.623
mor_random_ammo	374.434479 956.433289 163.608414	-88.751 98.388 -89.530
mor_random_ammo	-54.138012 919.772400 162.733124	-0.725 53.419 90.020
mor_random_ammo	-51.204784 955.710938 162.690765	88.346 -100.337 -89.888
mor_random_ammo	316.374084 135.306183 160.414017	1.671 0.035 2.016
mor_random_ammo	288.110931 164.490433 160.330368	0.047 0.000 -0.030
mor_random_ammo	398.094025 -258.647125 159.859879	0.251 -0.000 -0.016
mor_random_ammo	395.963074 -242.593735 159.881790	0.959 0.008 0.906
mor_random_ammo	-917.215393 53.900028 163.659653	45.010 -47.449 -90.363
mor_random_ammo	-917.097351 4.422343 162.712997	88.874 131.030 89.766
mor_random_ammo	-893.834656 60.829163 162.697830	88.352 65.659 65.958
mor_random_ammo	-1098.249268 -929.581665 160.484512	1.425 -0.102 1.727
mor_random_ammo	-1086.581177 -928.419128 160.393616	0.831 0.009 0.957
mor_random_ammo	-811.284851 -1040.622192 0.365421	0.077 0.000 0.026
mor_random_ammo	-759.645142 -1044.506104 0.353342	0.055 0.000 -0.008
mor_random_ammo	-792.421143 -1055.848999 0.370973	0.100 0.000 0.056
mor_random_ammo	48.178150 -1212.431641 0.335247	0.047 0.000 -0.027
mor_random_ammo	21.628399 -1214.672852 0.460040	0.747 -0.022 -0.905
mor_random_ammo	-0.221022 -1193.233032 0.381026	0.186 0.001 0.167
mor_random_ammo	-796.474182 -979.541931 160.435074	1.235 0.030 1.489
mor_random_ammo	-27.690331 -1015.239929 162.669540	-1.075 -51.327 -90.005
mor_random_ammo	-57.387234 -875.636414 162.673584	-0.952 -49.663 -89.995
mor_random_ammo	-57.071880 -1021.157227 160.465622	-0.773 -2.184 -0.027
mor_random_ammo	796.164001 -1004.850708 240.486176	1.198 -0.496 1.451
mor_random_ammo	747.708374 -1020.906799 242.718857	88.955 -66.425 -65.958
mor_random_ammo	794.197388 -1011.863525 242.708847	-1.246 -34.550 90.000
mor_random_ammo	743.523865 61.115852 322.756927	90.000 175.744 180.000
mor_random_ammo	782.666931 59.997097 322.735626	89.776 -118.914 -107.209
mor_random_ammo	796.573120 -80.572960 320.485931	1.233 -6.501 1.494
mor_random_ammo	791.731812 60.973751 326.331940	0.732 -4.790 -0.674
mor_random_ammo	204.493011 -980.392578 320.484802	1.388 -8.462 1.682
mor_random_ammo	-67.064537 -162.618637 320.391571	-0.315 0.246 0.078
mor_random_ammo	-727.769226 705.709351 320.349854	-0.051 -0.000 -0.014
mor_random_ammo	-726.282043 604.110962 320.340759	-0.047 -0.000 -0.023
mor_random_ammo	-162.428131 1884.221191 320.335999	-0.047 -0.000 -0.027
mor_random_ammo	-130.021774 1885.479126 320.412018	-1.119 -0.015 1.308
mor_random_ammo	-94.062958 1887.053955 320.362610	-0.067 -0.000 0.012
mor_random_ammo	-58.374912 1887.387085 320.370605	-0.091 -0.000 0.045
mor_random_ammo	-23.432837 1889.429810 320.328613	-0.047 -0.000 -0.031
mor_random_ammo	3.512985 1891.219849 320.460968	-1.182 -0.030 1.436
mor_random_ammo	207.886108 1720.570557 320.385132	0.278 -0.001 -0.281
mor_random_ammo	183.276428 1713.960205 320.339996	0.047 0.000 -0.023
weapon_mor_r22	-79.920250 1522.751099 353.575806	-1.313 -1.040 87.282
weapon_mor_r22	-74.475815 1466.318726 353.632416	-1.173 -14.748 88.716
weapon_mor_vek	-617.536804 -309.703888 17.100700	0.520 -3.089 88.570
weapon_mor_vek	-668.651672 -315.496796 17.108692	0.404 -3.092 88.686
weapon_mor_vek	78.650269 1471.255249 353.099792	0.533 -3.089 88.557
weapon_mor_uzi	-873.009521 1465.058960 -93.962448	0.000 0.000 0.000
weapon_mor_uzi	89.017532 -924.920593 354.841400	0.000 0.000 0.000
weapon_mor_uzi	30.868919 1471.795410 354.037537	0.000 0.000 0.000
need_wash	1488.070190 208.786270 178.184525	0.166 -0.083 -0.077
item_ammo_smg1_mor	452.754547 1755.976440 0.519480	0.034 0.097 0.149
item_ammo_smg1_mor	467.926208 1759.555298 0.511899	0.087 0.058 -0.071
item_ammo_smg1_mor	462.814362 1750.168457 14.311213	-0.014 -0.760 0.042
item_ammo_smg1_mor	-721.172424 -325.858002 16.513109	-0.051 -0.214 -0.034
item_ammo_smg1_mor	-744.931091 -325.945526 16.429035	0.121 0.014 -0.060
item_ammo_smg1_mor	-759.348206 -325.960327 16.499550	-0.496 0.009 0.423
item_ammo_smg1_mor	-783.447388 -325.975525 16.487206	0.225 0.010 -0.051
item_ammo_smg1_mor	-796.466614 -325.946686 16.403463	0.076 0.013 -0.021
item_ammo_smg1_mor	-809.217957 -325.949219 16.448502	0.872 0.009 -0.562
item_ammo_smg1_mor	-821.556396 -325.979065 16.481819	0.448 -0.298 -0.183
item_ammo_smg1_mor	-833.819031 -325.992157 16.550203	0.648 0.852 -0.522
item_ammo_smg1_mor	-859.013000 -325.776062 16.499849	1.024 -0.436 -0.249
item_ammo_smg1_mor	201.789948 -1217.832031 320.536499	-0.481 -0.638 -0.342
item_ammo_smg1_mor	201.882736 -1228.583618 333.776245	-0.723 -0.742 29.820
item_ammo_smg1_mor	201.645538 -1232.601807 347.327240	-0.972 -0.146 29.619
item_ammo_smg1_mor	-70.373474 1494.925903 384.478149	0.011 0.027 0.000
item_ammo_smg1_mor	-55.407291 1497.706909 384.437775	-0.009 0.023 -0.014
item_ammo_smg1_mor	-38.217205 1499.811646 384.445984	0.032 0.018 -0.039
item_ammo_smg1_mor	-25.449953 1500.310181 384.422668	0.038 0.014 -0.056
item_ammo_smg1_mor	-0.686858 1496.341797 384.473877	-0.304 -2.285 0.172
item_ammo_smg1_mor	-45.302692 1477.387207 352.515350	0.255 -0.014 -0.223
item_ammo_smg1_mor	24.620394 1476.128784 352.415741	-0.337 0.005 0.215
item_ammo_smg1_mor	109.298653 1523.148193 352.386383	-0.088 0.005 0.046
item_ammo_smg1_mor	59.643284 1520.217041 352.396759	-0.137 0.005 0.080
weapon_mor_p229	89.955856 -1144.427612 356.713165	36.452 3.798 -1.244
weapon_mor_p229	16.783472 1516.235840 355.896332	36.635 3.483 -1.775
info_alien_spawn	48.783958 -380.526215 560.521912	0.027 -0.000 -0.027
info_alien_spawn	-23.606573 -380.084503 560.492371	0.036 0.000 -0.036
info_alien_spawn	-82.502548 -379.257904 560.505066	0.037 0.000 -0.037
info_alien_spawn	-86.093140 -311.493317 560.487000	0.041 -0.000 -0.042
info_alien_spawn	-22.385752 -307.368439 560.508484	0.033 -0.000 -0.034
info_alien_spawn	43.068035 -304.492950 560.540466	0.024 0.000 -0.024
info_alien_spawn	-73.315559 -246.823212 560.514648	0.030 0.000 -0.030
info_alien_spawn	62.359421 -247.008057 560.468445	0.042 0.000 -0.042
mor_random_weapon	-1298.026367 -315.408600 -286.858032	2.475 6.628 -91.163
mor_random_weapon	169.212143 -285.261597 -286.797028	1.842 4.927 -92.673
mor_random_weapon	241.987381 -736.690063 -286.779297	1.642 4.922 -93.132
mor_random_weapon	-602.544312 -291.400208 -286.804413	1.925 4.924 -92.483
mor_random_weapon	-921.954895 -713.118225 -286.780121	1.651 4.923 -93.110
mor_random_weapon	-288.248016 743.527405 -286.765778	1.489 4.910 -93.482
mor_random_weapon	213.006943 1824.578613 -286.802094	1.899 4.927 -92.543
mor_random_weapon	-103.736603 1010.901367 1.192032	1.965 4.719 -92.391
mor_random_weapon	-611.261780 -156.825027 1.167593	1.914 0.572 -93.787
mor_random_weapon	-1120.147095 311.676605 17.146015	2.242 2.220 -92.708
mor_random_weapon	-1042.103027 306.092468 17.226486	1.576 4.686 -93.282
mor_random_weapon	842.914001 956.564270 162.727493	-3.765 9.099 -18.194
mor_random_weapon	-296.403137 -164.272003 161.173950	1.716 3.302 -92.529
mor_random_weapon	420.735291 -324.389679 160.691681	1.969 4.378 -92.383
mor_random_weapon	431.373718 -175.625931 160.713364	1.725 4.371 -92.942
mor_random_weapon	-1088.348877 -901.183960 161.149246	2.398 -0.826 -91.581
mor_random_weapon	-803.818298 -1201.174072 1.213044	1.728 4.704 -92.934
mor_random_weapon	526.263489 61.189091 322.707153	-3.905 6.772 -16.424
mor_random_weapon	236.943787 -209.465698 321.213593	1.722 4.703 -92.947
mor_random_weapon	-244.882828 219.920319 321.222260	1.624 9.598 -93.172
mor_random_weapon	187.846466 -909.485352 321.080322	1.631 -8.943 -91.332
mor_random_weapon	-730.797119 810.624329 321.217041	1.683 4.700 -93.037
mor_random_weapon	40.673164 1900.614868 322.544281	-3.061 2.132 -35.123
item_ammo_battery_mor	-827.007568 78.478271 -249.935959	0.032 -0.092 0.258
item_ammo_battery_mor	-842.880249 77.988777 -249.947296	0.034 -0.090 0.279
item_ammo_battery_mor	-2060.424805 660.162659 6.053963	0.029 -0.068 0.464
item_ammo_battery_mor	-2047.116943 654.923340 6.092580	0.022 -0.073 0.348
item_ammo_buckshot_mor	631.599548 -550.448364 80.414810	-0.770 -0.005 0.683
item_ammo_buckshot_mor	618.615234 -551.294128 80.341080	0.530 0.003 -0.419
item_ammo_buckshot_mor	647.825806 -549.014648 80.412437	-0.782 -0.005 0.697
item_ammo_buckshot_mor	-871.571533 -976.660583 352.344147	0.615 0.003 -0.488
item_ammo_buckshot_mor	-851.719910 -965.739136 352.385010	-0.984 -0.010 0.881
item_ammo_buckshot_mor	10.607789 1301.382324 384.389801	-0.996 0.018 0.882
item_ammo_buckshot_mor	1.740418 1302.578125 384.338013	0.454 0.004 -0.357
item_ammo_buckshot_mor	-8.178485 1303.038452 384.504089	-0.012 -1.905 -0.133
item_ammo_buckshot_mor	-56.092175 1301.816406 384.385040	-0.997 -0.010 0.892
weapon_mor_beretta	-831.762390 -83.318176 -254.453171	86.486 -2.995 -34.985
weapon_mor_beretta	618.428955 1756.525024 1.493695	87.619 -57.171 -88.989
weapon_mor_beretta	1173.683594 -104.413498 161.545975	87.250 -5.090 -38.424
weapon_mor_beretta	136.926971 1519.670410 353.545624	86.602 -3.971 -35.951
need_bed	652.886658 1694.753784 18.204035	0.000 -0.022 0.000
need_bed	643.667053 1386.985596 18.075029	0.000 179.050 0.000
need_bed	496.074005 1359.340332 18.075029	0.000 174.474 0.000
need_bed	514.745789 1720.424561 18.075029	0.000 -0.023 0.000
weapon_mor_gr4	662.275513 1323.882568 0.835148	-0.590 2.657 88.051
weapon_mor_gr4	135.455658 1481.751221 352.800781	-0.395 7.907 86.916
weapon_mor_gr4	133.363373 1325.468872 352.853760	-0.681 4.523 89.701
need_food	-687.727417 590.152954 338.285126	-0.000 -0.192 0.010
need_food	-687.928162 719.433167 338.328766	0.084 0.004 -0.000
weapon_glowstick	-536.400330 1145.203125 -280.994324	-0.407 0.803 -0.081
weapon_glowstick	-535.642700 1168.812622 -281.008057	-0.466 0.791 -0.093
weapon_glowstick	819.356934 1463.249634 7.045866	1.862 0.212 1.322
weapon_glowstick	-606.653992 -312.891846 54.937923	-0.739 0.762 -0.162
weapon_glowstick	-618.222473 -313.005493 54.937923	-0.739 0.762 -0.162
weapon_glowstick	-632.240784 -313.012756 54.988987	-0.507 0.853 -0.111
weapon_glowstick	-646.578125 -313.011444 54.978436	-0.555 0.832 -0.121
weapon_glowstick	-1438.441162 630.577454 7.084634	0.691 0.013 0.501
weapon_glowstick	-1445.344360 637.139771 7.059523	1.711 0.034 1.242
weapon_glowstick	-401.638519 538.324585 326.995514	-0.477 0.854 -0.105
weapon_glowstick	114.004959 1881.039307 359.067261	-0.149 0.885 -0.033
weapon_glowstick	113.552551 1868.601929 358.990631	-0.499 0.854 -0.109
weapon_glowstick	364.893555 1576.261719 502.970856	-0.589 0.831 -0.129
weapon_mor_zx9	-909.488098 -1304.680176 357.037354	-2.785 -0.953 0.384
weapon_mor_zx9	646.661011 806.294678 325.060852	-2.759 -0.949 0.294
weapon_mor_m418	-1115.492065 425.197968 17.228704	1.540 -11.279 83.098
weapon_mor_m418	-417.139160 889.261414 321.231995	1.573 -15.167 83.122
weapon_mor_m418	-72.820618 1326.647339 353.228699	1.540 -11.286 83.098
weapon_mor_m418	-75.519165 1278.098022 353.231873	1.573 -9.617 83.122
weapon_mor_m418	322.646576 1977.193359 497.876770	-0.454 -10.997 -84.357
weapon_mor_blaster	-825.396912 106.032074 -254.067184	2.803 -20.077 -83.514
weapon_mor_blaster	-2039.363159 645.539001 1.910550	2.594 -19.647 -83.428
weapon_mor_blaster	77.083298 1520.173950 353.938538	2.744 -20.107 -83.740
weapon_mor_scarm8	628.128662 -576.473938 81.028893	-0.855 -7.831 -89.250
weapon_mor_scarm8	-870.481995 -948.429871 353.222992	0.448 9.403 84.259
weapon_mor_scarm8	99.675987 1281.997925 353.259003	0.316 9.321 84.991
weapon_mor_scarm8	-31.030384 1307.242310 385.242645	0.383 20.137 84.649
item_ammo_pistol_mor	-811.985107 -115.829796 -255.657028	-0.136 -0.019 -0.041
item_ammo_pistol_mor	-836.822876 -112.869072 -255.612976	-0.098 -0.020 -0.029
item_ammo_pistol_mor	-851.438293 -112.529274 -255.593048	-0.080 -0.020 -0.024
item_ammo_pistol_mor	-827.345459 1467.394775 -95.603294	-0.089 -0.020 -0.027
item_ammo_pistol_mor	-819.212708 1466.967041 -95.639290	-0.121 -0.019 -0.036
item_ammo_pistol_mor	-811.499390 1469.920166 -95.657021	-0.136 -0.019 -0.041
item_ammo_pistol_mor	-50.917259 1493.058228 0.422162	-0.067 -0.020 -0.020
item_ammo_pistol_mor	-34.548656 1493.988770 0.325603	-0.151 -0.018 -0.046
item_ammo_pistol_mor	-43.070988 1493.362549 0.356478	-0.124 -0.019 -0.038
item_ammo_pistol_mor	632.077881 1760.728027 0.338198	-0.140 -0.019 -0.042
item_ammo_pistol_mor	639.290710 1760.889526 0.342977	-0.136 -0.019 -0.041
item_ammo_pistol_mor	649.703491 1761.119263 0.387024	-0.098 -0.020 -0.030
item_ammo_pistol_mor	1183.952881 -115.844887 160.391983	-0.093 -0.020 -0.028
item_ammo_pistol_mor	1190.826172 -102.523979 160.352112	-0.128 -0.019 -0.039
item_ammo_pistol_mor	1199.058472 -118.646454 160.437088	-0.578 0.033 -0.291
item_ammo_pistol_mor	97.383957 -941.126648 353.139832	0.139 0.019 -0.034
item_ammo_pistol_mor	88.066330 -940.422363 353.132294	0.145 0.019 -0.035
item_ammo_pistol_mor	99.665543 -966.231506 353.235840	-0.057 -0.021 -0.014
item_ammo_pistol_mor	88.395363 -964.518677 353.144684	0.135 0.019 -0.033
item_ammo_pistol_mor	97.832146 -1162.100586 353.191040	0.095 0.021 -0.023
item_ammo_pistol_mor	89.875320 -1160.533569 353.241638	0.052 0.021 -0.013
item_ammo_pistol_mor	96.899963 -1211.062012 353.164734	-0.118 -0.020 -0.030
item_ammo_pistol_mor	86.814850 -1213.027466 353.151672	0.129 0.020 -0.031
item_ammo_pistol_mor	14.556254 1494.633057 384.355103	0.093 -0.026 -0.004
item_ammo_pistol_mor	25.925224 1494.902832 384.456848	0.026 -0.029 0.000
item_ammo_pistol_mor	37.923733 1495.066772 384.403687	0.057 -0.030 0.002
item_ammo_pistol_mor	46.922722 1495.189819 384.439941	0.035 -0.031 0.002
item_ammo_pistol_mor	54.421349 1495.290649 384.446686	0.029 -0.041 0.002
item_ammo_pistol_mor	62.669838 1495.403687 384.336304	0.087 -0.040 0.012
item_ammo_pistol_mor	71.168732 1495.489502 384.326385	0.054 -0.025 0.004
item_ammo_pistol_mor	80.981865 1495.002197 384.349396	0.091 -0.029 0.002
item_ammo_pistol_mor	89.340904 1494.382446 384.372192	0.085 -0.025 -0.006
item_ammo_pistol_mor	97.589912 1494.241333 384.438568	0.041 -0.025 -0.003
item_ammo_pistol_mor	106.588814 1494.087646 384.392273	0.074 -0.024 -0.006
item_ammo_pistol_mor	115.587662 1493.933838 384.380798	0.083 -0.023 -0.008
item_ammo_pistol_mor	124.586494 1493.780029 384.416931	0.058 -0.022 -0.005
item_ammo_pistol_mor	132.835800 1493.639160 384.347198	0.109 -0.021 -0.010
item_ammo_pistol_mor	140.853622 1493.547852 384.366730	0.096 -0.021 -0.009
weapon_mor_m20	-18.745356 1330.622314 354.704498	3.587 -11.178 -84.189
weapon_medkit	832.510071 1368.708984 1.430408	-41.400 0.162 0.253
weapon_medkit	-693.015503 -321.751831 49.397175	-38.869 -0.632 1.275
weapon_medkit	-710.538879 -321.738770 49.421333	-40.857 -0.257 0.637
weapon_medkit	-742.576172 -321.707794 49.547600	-40.072 -1.019 -0.597
weapon_medkit	-775.469849 -321.737000 49.426537	-41.297 -0.163 0.490
weapon_medkit	-805.493835 -321.737854 49.423897	-41.073 -0.212 0.565
weapon_medkit	-832.505188 -321.741547 49.414700	-40.302 -0.369 0.819
weapon_medkit	-863.512451 -321.768707 49.376316	-37.214 -0.907 1.778
weapon_medkit	-790.666748 -321.898071 48.549263	-41.896 -164.958 165.608
weapon_medkit	1171.678345 232.455399 161.495712	-40.918 -1.245 -0.217
weapon_medkit	1170.436646 264.258026 161.574814	-39.627 -0.921 -0.792
weapon_medkit	-689.498779 -909.553650 353.397156	-38.869 -0.632 1.275
weapon_medkit	138.580185 1572.512939 497.482269	-38.788 -4.201 0.250
weapon_mor_lz400	-1232.824585 732.593811 0.483419	-2.409 -9.246 85.789
weapon_mor_lz400	555.191772 -588.425049 80.474297	-2.447 -18.128 85.817
weapon_mor_lz400	29.377388 1324.638062 352.525543	-2.054 -15.931 85.997
weapon_frag	-1108.500000 3.318510 -287.000000	0.000 0.000 0.000
weapon_frag	-1108.500000 3.318510 -287.000000	0.000 0.000 0.000
weapon_frag	-748.422729 1140.454224 -284.421631	0.939 0.209 0.805
weapon_frag	-743.615845 1175.665039 -284.499695	1.969 0.270 1.689
weapon_frag	-2045.607422 908.217102 3.522170	1.872 0.254 -0.779
weapon_frag	1508.848145 158.096420 163.559525	1.322 0.258 -0.550
weapon_frag	146.934769 1275.367188 355.512451	1.992 0.248 -0.834
weapon_frag	145.016754 1286.479126 355.506073	2.085 0.271 -0.873
item_ammo_revolver_mor	-525.602356 1013.930786 -191.657028	-0.136 -0.019 -0.041
item_ammo_revolver_mor	-529.321594 992.525452 -191.641388	-0.122 -0.019 -0.037
item_ammo_revolver_mor	-540.145508 1013.443787 -191.609650	-0.095 -0.020 -0.029
item_ammo_revolver_mor	-544.220337 992.958862 -191.618164	-0.102 -0.020 -0.031
item_ammo_revolver_mor	631.676880 1318.249146 0.345312	-0.134 -0.019 -0.041
item_ammo_revolver_mor	636.297485 1336.729248 0.436547	-0.359 0.225 -0.520
item_ammo_revolver_mor	642.689148 1311.078857 0.383597	-0.101 -0.020 -0.030
item_ammo_revolver_mor	646.796875 1329.601685 0.435354	-0.591 0.055 -0.450
item_ammo_revolver_mor	772.812439 1380.721313 0.468752	-0.204 -1.650 -0.016
item_ammo_revolver_mor	792.072449 1384.067139 0.376426	-0.107 -0.020 -0.032
item_ammo_revolver_mor	778.940674 1383.819702 0.412084	-0.944 -1.517 -0.030
item_ammo_revolver_mor	-1048.155273 406.323517 16.401226	-0.085 -0.020 -0.026
item_ammo_revolver_mor	-1046.857788 435.967407 16.354313	-0.126 -0.019 -0.038
item_ammo_revolver_mor	-1026.794678 418.917267 16.402689	-0.084 -0.020 -0.025
item_ammo_revolver_mor	-1220.390747 707.637878 0.474799	-0.165 -0.559 0.102
item_ammo_revolver_mor	-1209.281128 694.892334 11.520797	-0.225 -155.632 179.997
item_ammo_revolver_mor	-1203.929443 662.074463 0.378259	-0.105 -0.020 -0.032
item_ammo_revolver_mor	-1221.015503 679.987671 0.393575	-0.092 -0.020 -0.028
item_ammo_revolver_mor	-1208.742188 688.514587 11.994759	-0.622 -0.000 0.221
item_ammo_revolver_mor	-1529.986450 1238.233276 0.440429	-0.470 0.635 -0.532
item_ammo_revolver_mor	-1522.165649 1222.635010 0.349881	-0.130 -0.019 -0.039
item_ammo_revolver_mor	-1504.457642 1238.451660 0.382322	-0.647 0.029 -0.298
item_ammo_revolver_mor	-1515.936157 1238.338989 0.429473	-0.576 0.260 -0.621
item_ammo_revolver_mor	551.728943 -617.524841 80.409737	-0.356 -0.293 -0.073
item_ammo_revolver_mor	567.735474 -613.855652 80.450760	0.593 2.246 0.121
item_ammo_revolver_mor	559.229126 -621.613708 80.472816	0.629 9.587 -0.372
item_ammo_revolver_mor	-397.003998 854.496399 320.333282	-0.145 -0.018 -0.044
item_ammo_revolver_mor	-403.884796 855.475281 320.446259	-0.046 -0.020 -0.014
item_ammo_revolver_mor	-409.908173 855.120178 320.428741	-0.652 0.032 -0.324
item_ammo_revolver_mor	137.008667 1302.001587 384.365417	0.093 -0.023 -0.008
item_ammo_revolver_mor	129.072662 1300.686279 384.383057	0.122 -0.026 0.003
item_ammo_revolver_mor	120.072853 1300.764038 384.414337	0.086 -0.026 0.002
item_ammo_revolver_mor	114.073830 1300.815918 384.350891	0.147 -0.022 0.004
item_ammo_revolver_mor	104.323486 1300.900146 384.435150	0.060 -0.024 0.002
item_ammo_revolver_mor	96.591354 1301.019775 384.350037	0.095 -0.023 0.003
item_ammo_revolver_mor	85.342651 1301.186768 384.388489	0.070 -0.022 -0.000
item_ammo_revolver_mor	74.843643 1301.343384 384.352112	0.102 -0.020 -0.008
item_ammo_revolver_mor	65.844643 1301.477173 384.368896	0.095 -0.020 -0.009
item_ammo_revolver_mor	58.345257 1301.588135 384.403992	0.069 -0.022 -0.007
item_ammo_revolver_mor	50.096455 1301.710327 384.346985	0.109 -0.021 -0.010
item_ammo_revolver_mor	42.596878 1301.821289 384.384583	0.081 -0.022 -0.008
item_ammo_revolver_mor	35.097614 1301.932373 384.398834	0.070 -0.023 -0.006
item_ammo_revolver_mor	27.598288 1302.043457 384.447235	0.036 -0.024 -0.003
item_ammo_revolver_mor	20.099197 1302.154663 384.338379	0.110 -0.023 -0.009
item_ammo_revolver_mor	63.358162 1321.357178 352.431122	-0.566 0.036 -0.358
item_ammo_revolver_mor	117.854713 1323.894897 352.380066	-0.104 -0.020 -0.031
item_ammo_revolver_mor	75.961777 1286.034790 352.424438	-0.065 -0.020 -0.020
item_ammo_revolver_mor	9.251221 1279.419556 352.372681	-0.110 -0.020 -0.033
item_ammo_revolver_mor	-40.199913 1327.241333 352.370758	-0.112 -0.020 -0.034
item_ammo_revolver_mor	358.815491 2031.864502 496.380066	-0.104 -0.020 -0.031
item_ammo_revolver_mor	339.806000 2016.026855 496.370758	-0.112 -0.020 -0.034
item_ammo_revolver_mor	352.087097 2001.026489 496.398254	-0.088 -0.020 -0.027
weapon_mor_usp	-46.559341 1518.336792 4.812068	37.082 -1.324 -1.752
weapon_mor_usp	92.819847 -1225.035156 354.384766	0.011 -35.134 -91.351
weapon_mor_usp	-28.962593 1523.020752 353.602173	0.007 -35.156 -90.773
player_start	143.746689 -255.592422 320.579132	0.068 -0.024 -0.002
player_start	-92.573792 -228.007523 320.568176	0.011 0.000 -0.013
player_start	-236.356552 111.267708 320.494232	0.036 -0.000 -0.036
player_start	104.105240 242.762451 320.482330	0.051 0.000 -0.051
player_start	309.147125 12.784137 320.525543	-0.074 -0.142 -0.115
player_start	702.872864 -14.403330 320.468109	0.053 0.000 -0.053
player_start	-0.044907 708.944275 320.477936	-0.042 0.000 -0.046
player_start	-528.699158 689.247986 320.502960	0.041 0.000 -0.041
player_start	-696.878052 -815.414063 320.502960	0.036 0.000 -0.036
player_start	-710.772705 -317.842468 320.548126	0.021 0.000 -0.020
player_start	-6.363966 -988.082520 320.493317	-0.043 -0.000 -0.043
player_start	15.927362 -505.637848 320.498657	0.043 0.000 -0.043
player_start	741.546753 -952.404175 240.501663	0.042 0.000 -0.042
player_start	21.131027 -936.931274 160.506638	-0.024 -0.000 -0.042
player_start	8.081862 -406.580627 160.484482	-0.036 -0.000 -0.044
player_start	259.823120 49.047581 160.523804	0.025 -0.000 -0.025
player_start	6.490262 223.434799 160.545074	0.022 0.000 -0.023
player_start	-267.941101 -17.996508 160.528061	0.030 0.000 -0.030
player_start	-699.454895 -12.242200 160.495026	0.043 0.000 -0.043
player_start	-854.280273 -436.311646 160.514832	0.034 0.000 -0.034
player_start	-1043.923706 -1103.410645 160.553024	0.016 0.000 -0.015
player_start	-781.966003 -942.349243 160.476578	0.052 0.000 -0.052
player_start	-859.340759 -614.584900 160.473816	0.039 0.000 -0.039
player_start	746.885925 -1.777597 160.527985	0.026 0.000 -0.026
player_start	570.342407 -303.328430 160.519348	0.035 0.000 -0.035
player_start	1216.269775 164.857101 160.479385	0.039 0.000 -0.039
player_start	-6.709341 594.139893 160.535629	0.025 0.000 -0.024
player_start	329.589355 906.789551 160.572235	0.009 0.000 -0.012
player_start	795.672974 889.298523 160.495651	-0.040 -0.000 -0.040
player_start	836.063782 -13.930748 0.535527	0.028 0.000 -0.027
player_start	294.063782 -11.647808 0.466902	0.056 0.000 -0.056
player_start	46.284904 249.412704 0.550396	0.020 0.000 -0.019
player_start	-250.529938 38.115192 0.504973	0.037 0.000 -0.037
player_start	-17.058571 -315.144165 0.565578	0.111 0.009 0.003
player_start	7.311306 -754.433167 0.488412	0.040 0.000 -0.040
player_start	-114.307236 -1078.365356 0.487665	0.044 0.000 -0.043
player_start	-506.454651 -1094.838379 0.492785	0.042 0.000 -0.042
player_start	-573.561218 -4.626533 0.506398	0.028 0.000 -0.028
player_start	-745.269043 -125.684898 0.579208	-0.051 0.038 -0.116
player_start	-1247.557495 0.046672 0.500365	0.033 -0.000 -0.033
player_start	-1518.736084 2.948070 0.560037	-0.131 -0.034 -0.005
player_start	-1603.413452 356.773468 0.503910	0.039 0.000 -0.039
player_start	-1408.054199 1073.293823 0.459094	0.040 -0.000 -0.040
player_start	-1381.168701 808.315979 0.519512	0.023 0.000 -0.023
player_start	-1727.292480 770.643921 0.480360	0.033 0.000 -0.033
player_start	-895.252075 372.293152 0.506664	0.033 -0.000 -0.033
player_start	-777.737000 247.978867 0.558297	0.014 0.000 -0.018
player_start	7.514675 669.124939 0.513607	0.035 0.000 -0.035
player_start	-10.076846 1070.868286 0.491388	0.043 0.000 -0.043
player_start	213.554764 1489.007935 0.533648	0.026 0.000 -0.025
player_start	474.245911 1478.184570 0.441893	0.009 0.000 -0.009
player_start	570.236938 1512.245483 0.450296	-0.060 -175.932 0.015
weapon_mor_mars	-871.560913 1006.550293 -190.925385	-0.462 19.349 85.687
weapon_mor_mars	-17.351084 1279.815430 353.138824	-0.190 17.212 87.977
