# morbus weapon/ammo placement overrides - Thank TTT for this lua code
# For map: para_auriga_v2
# Exported by: Remscar
setting:	replacespawns 1
weapon_mor_ump	-1611.832520 -336.079132 -39.084171	-0.046 -17.986 89.033
weapon_mor_ump	-102.804146 1295.203613 -27.033033	0.416 -17.830 89.318
weapon_mor_ka47	-895.956604 -279.077393 -374.211945	-1.328 -21.094 -89.886
weapon_mor_ka47	-3435.795410 -638.620728 -38.546127	-0.665 -22.050 -84.516
weapon_mor_ka47	-1986.030151 -1305.694458 1.238176	-0.901 15.777 84.659
weapon_mor_sc7	-4438.021973 -1487.374756 -37.475582	1.667 -2.187 61.659
weapon_mor_sc7	-4091.703613 -930.961121 -38.690247	0.199 -4.371 87.376
mor_random_ammo	1802.712280 -571.490540 -39.609768	0.475 0.003 0.522
mor_random_ammo	1811.412720 -547.460999 -39.632683	0.084 0.000 0.035
mor_random_ammo	1799.351440 -528.214600 -39.679878	0.047 0.000 -0.034
mor_random_ammo	2513.843994 -986.681580 -279.639557	-0.061 0.000 -0.006
mor_random_ammo	2490.484619 -974.430115 -279.621796	-0.129 -0.000 0.096
mor_random_ammo	2545.265137 -1081.878418 -279.664093	-0.045 -0.000 -0.026
mor_random_ammo	2574.661133 -1127.807373 -279.639923	-0.460 -0.176 0.513
mor_random_ammo	2513.049316 -1134.362427 -279.619873	-0.146 -0.001 0.119
mor_random_ammo	2519.015625 -1100.015137 -279.625610	-0.105 -0.000 0.066
mor_random_ammo	2477.891113 -1097.894043 -279.614380	-0.197 -0.292 0.472
mor_random_ammo	2501.418701 -461.064545 -375.555695	1.086 0.028 1.314
mor_random_ammo	2468.078369 -470.801575 -375.636475	0.072 0.000 0.019
mor_random_ammo	1819.741455 -590.268372 -375.593323	-0.828 -0.009 0.953
mor_random_ammo	1857.476074 -607.850220 -375.637390	-0.067 -0.000 0.012
mor_random_ammo	2001.138428 -12.144849 -375.563568	1.218 0.030 1.471
mor_random_ammo	2043.266724 -2.632323 -375.650970	0.050 0.000 -0.014
mor_random_ammo	1463.510376 -335.175934 -375.655090	-0.009 -0.110 -0.128
mor_random_ammo	1484.405396 -298.276733 -375.622162	0.149 0.001 0.120
mor_random_ammo	1476.896606 -276.020966 -375.646667	0.053 0.000 -0.008
mor_random_ammo	1198.072632 -7.985667 -375.630676	0.126 0.044 0.135
mor_random_ammo	1194.243408 -45.832008 -375.662384	0.046 0.000 -0.025
mor_random_ammo	1373.064819 -834.179138 -375.616669	0.255 -0.118 0.263
mor_random_ammo	1405.381104 -824.958435 -375.605652	0.928 0.011 1.076
mor_random_ammo	649.925659 -955.464294 -375.631409	-0.083 -0.000 0.035
mor_random_ammo	621.345459 -1256.355591 -295.805542	0.280 0.839 -107.808
mor_random_ammo	186.822159 -1201.578003 -314.057922	0.277 0.830 -107.844
mor_random_ammo	68.410316 -1202.992188 -313.581726	0.277 0.831 -107.870
mor_random_ammo	-124.161240 -1271.115845 -290.900330	0.288 0.864 -107.727
mor_random_ammo	327.018799 -1123.351074 -340.179138	0.298 0.916 -107.595
mor_random_ammo	168.132126 -310.962006 -327.543396	-0.288 0.863 107.727
mor_random_ammo	334.686920 -317.291840 -329.661530	-0.294 0.884 107.683
mor_random_ammo	431.591736 -313.297943 -328.282349	-0.274 0.821 107.942
mor_random_ammo	-680.023682 -991.987183 -375.620636	0.161 -0.001 -0.137
mor_random_ammo	-538.602478 -988.191101 -375.619812	-0.150 -0.001 0.123
mor_random_ammo	-531.630981 -936.808655 -375.633392	-0.076 -0.000 0.026
mor_random_ammo	-4989.191406 -106.782112 -39.532581	-0.719 8.199 0.019
mor_random_ammo	-5054.340820 26.992136 -37.168972	87.854 -68.503 -114.039
mor_random_ammo	-5131.403320 63.614285 -36.372787	-89.135 99.626 105.894
mor_random_ammo	-5224.416992 171.338699 -36.340969	-89.918 178.949 -168.607
mor_random_ammo	-5515.026855 -272.977753 -29.490452	0.301 -117.765 179.965
mor_random_ammo	-5510.444336 -243.046158 -36.341209	-89.342 -132.019 -178.768
mor_random_ammo	-5343.975098 -382.172577 -37.345005	1.037 107.213 -90.007
mor_random_ammo	-5342.377441 -574.366943 -39.641537	-0.060 -0.000 0.001
mor_random_ammo	-4765.850098 -489.976837 -39.646114	-0.138 0.065 -0.763
mor_random_ammo	-4678.939941 -563.164917 -39.650990	0.050 0.000 -0.014
mor_random_ammo	-4708.341797 -541.374390 -39.582355	-0.051 0.067 -0.114
mor_random_ammo	-4704.079590 -741.459595 -39.609711	0.467 0.003 0.513
mor_random_ammo	-4691.246094 -842.374939 -39.612076	0.365 0.002 0.387
mor_random_ammo	-220.716171 1128.699585 -27.515938	-0.149 0.387 0.295
mor_random_ammo	-220.741913 1148.689575 -27.499126	-0.797 -0.358 -0.965
mor_random_ammo	-235.417740 1135.478638 -27.650946	0.051 -0.000 0.014
mor_random_ammo	-43.849888 1144.930908 -25.273293	89.216 -130.736 -90.391
mor_random_ammo	-20.699568 1174.784058 -25.243101	90.000 179.974 180.000
mor_random_ammo	-47.766773 1168.457153 -27.553596	-1.267 1.297 -0.034
mor_random_ammo	-31.645578 1117.899414 -27.509418	-0.117 -0.298 -0.005
mor_random_ammo	-45.616058 1117.258667 -25.242634	89.930 -172.847 -170.075
mor_random_ammo	-44.589634 1208.012085 -25.268452	-0.686 44.712 90.002
mor_random_ammo	-44.855686 1244.777466 -25.311787	-0.586 -61.254 -89.993
mor_random_ammo	-43.137691 1229.226196 -25.324541	-2.069 -55.184 89.821
mor_random_ammo	-50.074104 1205.229858 -27.555357	0.056 -6.237 -1.333
mor_random_ammo	-1836.120117 -3393.869385 -373.315735	1.334 -35.443 89.966
mor_random_ammo	-1692.331055 -3396.515381 -373.274841	0.615 -45.879 90.005
mor_random_ammo	-839.635315 -3174.137451 -373.299896	-0.290 7.703 -90.001
mor_random_ammo	-824.343018 -3169.056885 -373.286774	88.802 64.613 -65.958
mor_random_ammo	-833.345642 -3139.005615 -341.101440	-0.167 1.860 -1.709
mor_random_ammo	-8.517021 -3336.490723 -375.125702	-8.514 -0.124 0.089
mor_random_ammo	-8.857471 -3347.474365 -375.292633	-6.069 -0.404 0.300
weapon_mor_r22	-2948.440430 -821.250427 -38.446911	-1.332 -1.031 86.835
weapon_mor_vek	-960.329529 -346.466431 -374.879852	-0.006 -2.658 89.408
weapon_mor_vek	-2432.437988 -818.255798 -374.944305	0.321 -3.140 88.089
weapon_mor_vek	-5452.297363 54.856396 -38.880798	-0.015 -2.659 89.447
weapon_mor_vek	-1634.276001 -1623.518677 1.340923	-2.078 3.782 -89.210
weapon_mor_vek	-1630.538818 -1600.260742 1.109755	0.388 -2.707 88.339
weapon_mor_vek	-1723.423584 -1611.848877 1.236875	1.162 -3.811 84.461
weapon_mor_vek	-1723.619019 -1602.892700 1.600389	0.754 -4.301 78.245
weapon_mor_vek	-928.667542 -1167.785645 -38.881477	-0.021 -2.660 89.475
weapon_mor_uzi	-3450.728516 -772.702148 -373.962463	0.000 0.000 0.000
weapon_mor_uzi	-2463.560791 -649.359863 -37.962448	0.000 0.000 0.000
item_ammo_smg1_mor	-968.515198 -370.836517 -375.511566	-0.037 0.052 -0.032
item_ammo_smg1_mor	-985.267151 -352.536987 -375.588776	0.268 -0.005 0.168
item_ammo_smg1_mor	-986.056396 -332.704773 -375.479187	-0.744 0.182 -0.206
item_ammo_smg1_mor	-2465.797119 -807.448975 -375.536072	-0.063 -0.296 0.415
item_ammo_smg1_mor	-2436.470947 -807.557007 -374.624695	-0.136 0.180 -6.294
item_ammo_smg1_mor	-5426.144043 112.816963 -39.548779	0.026 0.041 0.014
item_ammo_smg1_mor	-5427.375000 79.898605 -39.499340	-0.826 0.011 -0.617
item_ammo_smg1_mor	-2923.673340 -834.205261 -39.537922	-0.253 -0.004 0.036
item_ammo_smg1_mor	-2909.939453 -814.019897 -39.522419	-0.503 0.001 0.218
item_ammo_smg1_mor	-2893.748047 -836.081299 -39.500458	0.193 -0.064 -0.005
item_ammo_smg1_mor	-1595.872192 -295.328705 -39.141346	-3.721 -0.121 -0.187
item_ammo_smg1_mor	-1617.415527 -291.033417 -39.482609	-0.239 0.013 -0.209
item_ammo_smg1_mor	-1597.372559 -249.683105 -39.536232	0.432 4.221 0.240
item_ammo_smg1_mor	-164.333679 1284.583130 -27.471571	-0.262 0.687 -0.139
item_ammo_smg1_mor	-172.372467 1304.546997 -27.503479	-0.324 -0.036 -0.243
item_ammo_smg1_mor	-185.121490 1324.622803 -25.002975	0.444 -4.071 17.238
item_ammo_smg1_mor	-1664.587158 -1617.902588 0.584694	0.023 0.123 -0.329
item_ammo_smg1_mor	-1664.280762 -1616.803711 14.416166	-0.001 4.001 -0.460
item_ammo_smg1_mor	-1679.026123 -1617.034668 0.542328	-0.053 -0.792 0.094
item_ammo_smg1_mor	-1678.727417 -1617.002563 14.384285	-0.118 0.109 0.134
item_ammo_smg1_mor	-1671.246338 -1617.705688 28.283756	0.474 -2.199 -0.508
item_ammo_smg1_mor	-1757.148315 -1617.687622 0.491615	0.200 -0.329 -0.283
item_ammo_smg1_mor	-1758.524292 -1611.922607 14.248090	0.355 -0.137 -0.087
item_ammo_smg1_mor	-1778.455200 -1617.561768 0.512161	-0.186 -1.079 0.226
item_ammo_smg1_mor	-1775.761597 -1617.838135 14.319569	0.421 -0.464 0.190
item_ammo_smg1_mor	-945.520752 -1135.884888 -39.523075	0.079 0.222 -0.376
item_ammo_smg1_mor	-952.717407 -1159.668823 -39.464588	-0.145 0.017 -0.127
weapon_mor_p229	-1918.615723 -556.711975 -36.085342	36.357 3.134 -0.876
weapon_mor_p229	-1997.274170 -1209.363159 1.322438	-1.288 -30.869 -90.382
weapon_mor_p229	-1984.772095 -1217.784302 1.415758	-0.358 -32.089 -89.825
info_alien_spawn	3399.973633 -769.410950 -4127.431152	-0.036 -0.000 0.039
info_alien_spawn	3366.233643 -904.075500 -4127.461426	-0.074 -0.000 0.074
info_alien_spawn	3290.839844 -1049.829346 -4127.475586	-0.092 -0.000 0.092
info_alien_spawn	3225.190918 -1192.807983 -4127.447266	-0.057 -0.000 0.058
info_alien_spawn	3162.462158 -1308.935791 -4127.479004	-0.096 -0.000 0.096
info_alien_spawn	3086.127930 -1436.340820 -4127.448242	-0.058 -0.000 0.059
info_alien_spawn	2996.671631 -1496.853638 -4127.437500	-0.044 -0.000 0.046
info_alien_spawn	2883.670166 -1568.916748 -4127.465332	-0.079 -0.000 0.079
info_alien_spawn	2775.344727 -1622.297241 -4127.445801	-0.055 -0.000 0.056
info_alien_spawn	2679.677490 -1614.298584 -4127.475586	-0.092 -0.000 0.092
info_alien_spawn	2529.606201 -1577.837524 -4127.458496	-0.071 -0.000 0.071
info_alien_spawn	2377.683350 -1617.227661 -4127.425781	-0.028 -0.000 0.035
info_alien_spawn	2403.238770 -1712.745239 -4127.472168	-0.087 -0.000 0.088
info_alien_spawn	2469.203369 -1780.033569 -4127.470215	-0.085 -0.000 0.085
info_alien_spawn	2602.501953 -1809.086060 -4127.469238	-0.084 -0.000 0.084
info_alien_spawn	2708.346680 -1812.082031 -4127.432129	-0.037 -0.000 0.040
info_alien_spawn	2804.066895 -1799.414307 -4127.457520	-0.070 -0.000 0.070
info_alien_spawn	2922.039795 -1766.277710 -4127.420898	-0.018 -0.000 0.033
info_alien_spawn	2988.882324 -1696.230347 -4127.456055	-0.068 -0.000 0.068
info_alien_spawn	3098.629883 -1635.469727 -4127.465332	-0.079 -0.000 0.079
info_alien_spawn	3138.285889 -1525.739746 -4127.462402	-0.075 -0.000 0.075
info_alien_spawn	3229.496338 -1428.392578 -4127.460449	-0.073 -0.000 0.073
info_alien_spawn	3306.008057 -1350.921265 -4127.426758	-0.029 -0.000 0.035
info_alien_spawn	3376.952393 -1257.982666 -4127.471191	-0.086 -0.000 0.086
info_alien_spawn	3396.197754 -1140.748657 -4127.437500	-0.044 -0.000 0.046
info_alien_spawn	3430.812500 -1037.980591 -4127.462402	-0.075 -0.000 0.075
info_alien_spawn	3466.861572 -913.372864 -4127.448730	-0.059 -0.000 0.059
mor_random_weapon	1814.349609 -605.391235 -38.795235	1.821 4.712 -92.720
mor_random_weapon	2528.211670 -965.916321 -278.777252	1.602 5.720 -93.285
mor_random_weapon	2725.572998 -911.632507 -374.826599	2.169 2.752 -91.941
mor_random_weapon	2696.826172 -577.263000 -374.785400	1.711 4.703 -92.974
mor_random_weapon	1840.243530 -539.433899 -374.798645	1.860 4.715 -92.632
mor_random_weapon	2041.124390 -49.642147 -374.808258	1.632 5.107 -93.174
mor_random_weapon	1527.513428 -243.019165 -374.792694	1.793 4.774 -92.785
mor_random_weapon	1239.144409 -38.676033 -374.783905	1.694 4.700 -93.012
mor_random_weapon	1394.185303 -783.212708 -374.788727	1.748 4.915 -92.887
mor_random_weapon	1109.631348 -548.487244 -374.807983	1.965 4.787 -92.390
mor_random_weapon	-5051.316406 -259.760864 -38.767422	1.507 4.754 -93.440
mor_random_weapon	-5106.943359 -277.892914 -38.803123	1.910 4.782 -92.516
mor_random_weapon	-235.449402 1225.333008 -26.796871	1.565 5.014 -93.406
mor_random_weapon	-182.059494 1100.185669 -25.303534	-4.015 2.061 -11.910
mor_random_weapon	-107.030952 1100.135010 -25.309099	-4.023 2.297 -12.031
mor_random_weapon	-1689.981201 -1537.455688 -374.800812	1.884 4.717 -92.576
mor_random_weapon	-1679.488892 -2354.675537 -374.793304	1.800 4.711 -92.770
mor_random_weapon	-1823.636353 -2934.920410 -374.754242	1.256 175.354 -94.407
mor_random_weapon	-1193.543091 -3283.593018 -374.755615	1.210 111.176 -94.745
mor_random_weapon	-902.675598 -3390.492920 -374.793945	1.807 4.775 -92.753
mor_random_weapon	-53.296787 -3380.050049 -374.763123	1.471 4.046 -93.473
item_ammo_battery_mor	2320.527100 -573.858032 -33.959541	0.037 -0.087 0.301
item_ammo_battery_mor	2303.847168 -603.495117 -33.921665	-0.020 0.023 0.420
item_ammo_battery_mor	-4448.156250 -301.546204 -369.884644	-0.005 -0.077 0.140
item_ammo_battery_mor	-4432.548340 -285.511169 -369.949646	-0.008 -0.073 0.238
item_ammo_buckshot_mor	-4714.609375 -896.159363 -375.567871	-0.632 -0.007 0.561
item_ammo_buckshot_mor	-4693.763184 -897.231750 -375.622162	0.300 0.003 -0.157
item_ammo_buckshot_mor	-1699.142456 -1436.470581 8.453819	-0.461 -0.006 0.410
item_ammo_buckshot_mor	-1716.105835 -1431.787842 8.369802	0.776 0.008 -0.537
item_ammo_buckshot_mor	554.822327 -1177.708618 -39.582119	0.384 -0.062 -0.268
item_ammo_buckshot_mor	547.455017 -1179.927124 -39.553314	-0.349 -0.275 1.070
weapon_mor_beretta	-292.650574 1631.362549 -38.516201	88.648 -90.057 -120.674
weapon_mor_gr4	-1471.785278 -1261.823975 1.452134	-1.557 0.490 -83.438
weapon_mor_gr4	-1471.069214 -1218.420654 1.707184	1.330 -8.431 -76.736
weapon_mor_gr4	-1471.269165 -1298.095337 1.471001	-1.064 -8.470 -82.681
weapon_mor_gr4	-1471.107788 -1348.775879 1.674090	0.958 -4.064 -77.657
weapon_mor_gr4	-1471.897339 -1438.962036 1.460407	-1.183 -4.046 -82.293
weapon_mor_gr4	-1471.946289 -1447.067749 1.776688	2.130 -3.989 -75.206
weapon_glowstick	-4984.871582 -991.596558 -33.033119	-0.607 0.816 -0.133
weapon_glowstick	-5087.444824 -999.059753 -33.041435	-0.645 0.795 -0.140
weapon_glowstick	24.464186 -2445.196777 -369.052338	-0.583 0.605 -0.128
weapon_glowstick	36.747906 -2463.721680 -368.946930	-0.179 0.684 -0.039
weapon_mor_zx9	-1724.716431 156.184189 -370.974579	-2.789 -0.603 0.491
weapon_mor_zx9	29.874439 -571.674988 -178.923538	-2.737 -0.590 0.266
weapon_mor_m418	-4666.447754 -12.768820 -374.771301	1.540 -13.795 83.098
weapon_mor_m418	-1988.227295 -1435.658203 1.157504	1.378 -6.552 82.905
weapon_mor_m418	-1988.466064 -1448.898438 1.228704	1.540 -6.739 83.098
weapon_mor_m418	-1988.249023 -1346.813110 1.138565	1.334 -6.413 82.854
weapon_mor_m418	-130.172165 -2680.221436 -374.771301	1.540 -11.282 83.098
weapon_mor_blaster	2326.210205 -602.294678 -38.044456	2.571 -20.176 -84.411
weapon_mor_blaster	-4479.924805 -253.800995 -374.085510	2.547 -20.529 -83.614
weapon_mor_scarm8	-4697.208496 -847.004395 -374.774719	0.434 8.481 84.313
weapon_mor_scarm8	-1777.691528 -1430.907471 9.236552	0.394 8.484 84.541
weapon_mor_scarm8	564.219482 -1192.166626 -38.746086	0.336 9.321 84.886
item_ammo_pistol_mor	-3455.016113 -785.356506 -375.576691	-0.066 -0.020 -0.020
item_ammo_pistol_mor	-3441.051514 -794.251526 -375.618164	-0.102 -0.020 -0.031
item_ammo_pistol_mor	-3429.834473 -802.887939 -375.669250	-0.147 -0.018 -0.045
item_ammo_pistol_mor	-2466.110840 -683.339661 -39.606430	-0.092 -0.020 -0.028
item_ammo_pistol_mor	-2458.450195 -669.955505 -39.639294	-0.121 -0.019 -0.037
item_ammo_pistol_mor	-2441.829590 -681.729736 -39.619938	-0.104 -0.020 -0.031
item_ammo_pistol_mor	-1938.021118 -579.949524 -39.561401	-0.053 -0.020 -0.016
item_ammo_pistol_mor	-1959.590820 -585.179077 -39.650124	-0.130 -0.019 -0.039
item_ammo_pistol_mor	-292.779297 1600.760864 -39.654690	-0.134 -0.019 -0.041
item_ammo_pistol_mor	-276.202789 1616.190552 -39.637222	-0.119 -0.019 -0.036
item_ammo_pistol_mor	-287.804047 1619.326782 -39.534462	0.502 -4.352 -0.066
item_ammo_pistol_mor	-1763.087646 -1396.233276 -39.654694	-0.134 -0.019 -0.041
item_ammo_pistol_mor	-1763.017578 -1377.773682 -39.553101	1.077 0.553 0.012
item_ammo_pistol_mor	-1771.669312 -1368.959351 -36.672253	-89.483 166.148 -175.510
item_ammo_pistol_mor	-1786.197388 -1405.280151 -39.547787	-0.041 -0.020 -0.012
item_ammo_pistol_mor	-1774.346191 -1384.547607 -36.179161	0.112 -0.316 22.546
item_ammo_pistol_mor	-1279.750122 -956.666565 -39.593060	-0.080 -0.020 -0.024
item_ammo_pistol_mor	-1246.809570 -950.293030 -39.536083	0.598 0.083 0.051
item_ammo_pistol_mor	-1251.432129 -922.902710 -39.594456	-0.081 -0.020 -0.025
weapon_mor_m20	-3790.827637 -835.254089 -37.288891	3.566 -12.935 -84.409
weapon_mor_m20	-29.315905 -934.052246 -37.305473	3.627 -11.167 -83.987
weapon_medkit	-143.214050 -485.420319 -374.592804	-39.686 -0.485 1.018
weapon_medkit	676.017944 -601.527527 -374.607666	-38.484 -0.695 1.394
weapon_medkit	-45.916813 -569.578979 -278.589691	-39.263 -1.412 1.050
weapon_medkit	114.320053 -568.875916 -278.580688	-40.261 -1.201 0.768
weapon_medkit	-737.936096 -1452.064453 -38.612377	-38.104 -0.763 1.510
weapon_medkit	-1242.154663 -957.073853 -38.779968	-45.441 -4.031 1.863
weapon_medkit	-1308.882202 -909.662598 -38.575420	-40.860 -1.078 0.595
weapon_medkit	-1571.739868 -963.950378 -38.594452	-38.744 -1.539 1.193
weapon_medkit	-1899.705566 -927.872498 -38.596733	-38.497 -1.601 1.260
weapon_medkit	-1831.076416 -634.076782 -39.177013	-51.470 -123.610 5.649
weapon_medkit	-1742.608032 -710.490540 -374.609222	-37.577 -0.696 1.551
weapon_medkit	-3015.369873 -723.947998 -38.610283	-38.272 -0.730 1.459
weapon_medkit	-4374.294434 -742.717407 -38.587608	-39.487 -1.361 0.987
weapon_medkit	-353.851471 -2483.865234 -374.589325	-39.303 -1.403 1.039
weapon_medkit	-317.010986 -2471.471924 -374.586609	-39.090 -1.329 1.041
weapon_mor_lz400	-1534.757446 -903.579224 -375.492188	-2.207 -18.224 85.903
weapon_mor_lz400	-1503.362671 1656.659302 -39.488125	-2.195 -18.225 85.880
weapon_mor_lz400	13.724131 -2898.540771 -375.511200	-1.799 8.136 85.586
weapon_frag	852.458008 -371.161987 -31.000000	0.000 0.000 0.000
weapon_frag	1372.653442 -727.739868 -372.448730	1.429 0.227 -0.598
weapon_frag	1263.765381 -13.387723 -372.487640	2.165 0.246 -0.646
weapon_frag	2025.268066 -109.012627 -372.429565	6.005 -1.710 -9.417
weapon_frag	2506.525879 -588.484497 -372.421661	0.936 0.203 0.812
weapon_frag	-1986.614136 -1257.115845 3.499343	2.181 0.215 -0.912
weapon_frag	-1976.690430 -1267.155762 3.596985	0.757 0.221 -0.317
weapon_frag	-1969.134277 -1267.715210 2.025270	32.859 44.399 101.578
item_ammo_revolver_mor	-856.886658 -249.705338 -375.641388	-0.122 -0.019 -0.037
item_ammo_revolver_mor	-870.797974 -251.774078 -375.666718	-0.145 -0.018 -0.044
item_ammo_revolver_mor	-885.891357 -243.274323 -375.654694	-0.134 -0.019 -0.041
item_ammo_revolver_mor	-1571.861206 -957.608459 -375.616394	-0.101 -0.020 -0.030
item_ammo_revolver_mor	-1553.322144 -948.358032 -375.591644	0.031 -0.027 -0.002
item_ammo_revolver_mor	-4696.987793 -1.128746 -375.618164	0.102 0.020 -0.031
item_ammo_revolver_mor	-4742.145996 -5.500375 -375.562317	-0.053 -0.020 -0.016
item_ammo_revolver_mor	-4789.754395 -2.778977 -375.618164	0.102 0.020 -0.031
item_ammo_revolver_mor	-4344.629883 -1474.775513 -36.674225	-89.387 46.060 -163.918
item_ammo_revolver_mor	-4316.972656 -1465.085449 -36.684818	-89.624 18.227 -175.290
item_ammo_revolver_mor	-4287.847168 -1466.559448 -36.670620	-89.257 10.721 -162.659
item_ammo_revolver_mor	-4304.458008 -1465.064819 -36.662865	-89.314 23.685 179.263
item_ammo_revolver_mor	-4030.551758 -900.231873 -39.635185	-0.117 -0.019 -0.035
item_ammo_revolver_mor	-4092.303955 -885.501953 -39.593060	-0.080 -0.020 -0.024
item_ammo_revolver_mor	-4120.688477 -876.218750 -39.594334	0.019 0.031 0.003
item_ammo_revolver_mor	-3758.105957 -848.825073 -39.609653	-0.095 -0.020 -0.029
item_ammo_revolver_mor	-3726.884521 -832.476440 -39.655994	-0.249 0.052 -0.014
item_ammo_revolver_mor	-3734.821289 -838.606445 -39.569160	1.150 -0.044 0.063
item_ammo_revolver_mor	-3437.481934 -659.589111 -39.635185	-0.117 -0.019 -0.035
item_ammo_revolver_mor	-3423.341309 -668.707153 -39.619133	0.536 0.063 0.148
item_ammo_revolver_mor	-3417.331787 -667.845215 -39.571766	-0.547 0.107 -0.636
item_ammo_revolver_mor	-1521.653198 1636.154907 -39.652390	-0.132 -0.019 -0.040
item_ammo_revolver_mor	-1536.143921 1648.243164 -39.593060	-0.080 -0.020 -0.024
item_ammo_revolver_mor	-1551.796143 1628.926636 -39.586384	-0.074 -0.020 -0.023
item_ammo_revolver_mor	-1586.666992 1582.352417 -39.616405	-0.101 -0.020 -0.030
item_ammo_revolver_mor	-1600.035645 1593.367920 -39.629082	0.025 0.031 0.003
item_ammo_revolver_mor	-1563.818237 1573.810059 -39.657028	-0.136 -0.019 -0.041
item_ammo_revolver_mor	-523.326660 1928.156250 -39.593067	0.126 -0.172 0.348
item_ammo_revolver_mor	-534.244873 1921.424438 -39.535664	-0.030 -0.020 -0.009
item_ammo_revolver_mor	-548.176514 1895.080566 -39.629250	-0.112 -0.020 -0.034
item_ammo_revolver_mor	-1443.368286 -1310.992310 0.445209	-0.466 0.487 -0.492
item_ammo_revolver_mor	-1449.600586 -1313.467285 0.442747	-0.808 0.333 -0.626
item_ammo_revolver_mor	-1443.460083 -1210.591064 2.164475	1.133 -0.211 -10.584
item_ammo_revolver_mor	-1451.264038 -1205.252319 1.883156	10.951 0.000 4.280
item_ammo_revolver_mor	-1443.334717 -1352.229126 2.092586	0.433 -0.015 10.628
item_ammo_revolver_mor	-1443.698364 -1397.964111 0.482275	-0.208 2.634 -0.014
item_ammo_revolver_mor	-1443.338623 -1397.402832 12.037278	-0.410 -0.069 0.099
item_ammo_revolver_mor	-1450.111450 -1397.194824 0.468663	0.369 0.791 0.134
item_ammo_revolver_mor	-1456.224609 -1399.518066 0.453867	-0.680 0.767 -0.062
item_ammo_revolver_mor	-1462.343140 -1401.520996 0.450708	0.315 0.443 -0.088
item_ammo_revolver_mor	-1449.821899 -1396.087036 12.017712	0.600 -0.507 0.089
item_ammo_revolver_mor	-1455.963013 -1398.294434 11.978591	-0.773 0.522 -0.319
item_ammo_revolver_mor	-1462.075073 -1400.670532 11.945695	0.220 0.153 0.033
item_ammo_revolver_mor	-1812.583984 -1618.702637 0.443744	0.098 0.516 -0.153
item_ammo_revolver_mor	-1801.418945 -1618.775146 0.462131	-0.569 0.453 -0.422
item_ammo_revolver_mor	-1811.771851 -1611.861694 11.895801	0.209 0.092 -0.302
item_ammo_revolver_mor	-1819.986328 -1618.820679 0.448397	-0.945 0.722 -0.634
item_ammo_revolver_mor	-1996.637695 -1405.144531 0.490884	0.178 0.084 -0.007
item_ammo_revolver_mor	-1990.463745 -1402.789185 0.473988	0.330 0.222 -0.026
item_ammo_revolver_mor	-1984.244873 -1403.663330 0.491851	0.382 0.442 0.111
item_ammo_revolver_mor	-1955.046631 -1402.745605 -36.769711	-89.961 177.441 180.000
item_ammo_revolver_mor	-1996.633545 -1406.018066 12.044199	0.119 -0.141 -0.002
item_ammo_revolver_mor	-1990.392700 -1405.647217 12.033126	0.304 0.586 0.064
item_ammo_revolver_mor	-1984.086304 -1405.128174 12.037231	-0.197 -0.816 0.430
item_ammo_revolver_mor	-35.253040 -903.206543 -39.659397	-0.138 -0.019 -0.042
item_ammo_revolver_mor	-52.085697 -892.881226 -39.606430	-0.092 -0.020 -0.028
item_ammo_revolver_mor	-135.770355 -2633.807129 -375.645691	-0.126 -0.019 -0.038
item_ammo_revolver_mor	-163.892197 -2647.976074 -375.674408	-0.151 -0.018 -0.046
item_ammo_revolver_mor	-147.782379 -2648.597168 -375.629242	-0.112 -0.020 -0.034
item_ammo_revolver_mor	45.263371 -2879.841553 -375.499969	-0.256 -0.465 -0.035
item_ammo_revolver_mor	40.238609 -2861.474609 -375.508881	-0.158 -0.337 -0.025
item_ammo_revolver_mor	34.127682 -2856.247803 -375.503418	0.042 -0.352 0.000
item_ammo_revolver_mor	59.858837 -2867.139404 -372.649109	-89.404 179.524 178.903
weapon_mor_usp	-1666.315796 -1382.993042 -38.390785	0.005 -35.159 -90.580
weapon_mor_usp	-1241.013794 -916.577637 -38.438633	-0.261 -35.375 -90.292
player_start	-151.672882 -2823.702393 -375.457794	-0.070 -0.000 0.070
player_start	-132.704697 -3266.976318 -375.470306	-0.085 -0.000 0.085
player_start	-560.156799 -3286.001709 -375.447510	-0.057 -0.000 0.057
player_start	-874.161743 -3290.135254 -375.456940	-0.069 -0.000 0.069
player_start	-1149.845825 -3276.887939 -375.448975	-0.059 -0.000 0.059
player_start	-1419.004883 -3287.407471 -375.454285	0.215 0.179 0.001
player_start	-1647.234375 -3282.830811 -375.459564	-0.072 -0.000 0.072
player_start	-1686.419189 -2963.759033 -375.503998	-0.042 -0.000 0.042
player_start	-1699.835083 -2675.284424 -375.457794	-0.070 -0.000 0.070
player_start	-1685.814209 -2279.601318 -375.470306	-0.085 -0.000 0.085
player_start	-1705.128418 -1977.100464 -375.448242	-0.058 -0.000 0.058
player_start	-1707.002319 -1674.105957 -375.479309	-0.096 -0.000 0.096
player_start	-1710.518188 -1372.675293 -375.448242	-0.058 -0.000 0.058
player_start	-1717.647583 -1096.767578 -375.437347	-0.045 -0.000 0.045
player_start	-1725.000732 -783.007446 -375.469238	-0.084 -0.000 0.084
player_start	-1985.108765 -742.381287 -375.453613	-0.065 -0.000 0.065
player_start	-2289.209229 -734.996338 -375.410797	-0.042 0.000 -0.017
player_start	-2570.268066 -728.865723 -375.436798	-0.045 0.000 0.044
player_start	-2849.486328 -728.636169 -375.478119	-0.095 -0.000 0.094
player_start	-3111.081543 -732.261292 -375.440277	-0.049 0.000 0.048
player_start	-3392.194580 -701.614990 -375.439087	-0.047 0.000 0.047
player_start	-3679.071289 -721.167786 -375.462311	-0.075 -0.000 0.075
player_start	-3979.053711 -720.624756 -375.468872	0.032 0.068 0.224
player_start	-4217.910645 -716.150940 -375.433136	-0.040 -0.000 0.040
player_start	-4277.804199 -324.596558 -375.444061	-0.053 -0.000 0.053
player_start	-4721.024414 -163.765732 -375.423798	-0.030 0.000 0.027
player_start	-4888.608398 -485.781067 -375.512146	-0.045 -0.000 0.045
player_start	-5177.977051 -694.946716 -375.435699	-0.014 -0.000 0.014
player_start	-4733.709961 -738.017700 -39.439678	-0.047 -0.000 0.049
player_start	-4904.586426 -1125.776611 -39.461395	-0.074 -0.000 0.074
player_start	-4598.343750 -1343.180908 -39.412292	-0.011 -0.072 0.039
player_start	-4341.693359 -1277.138428 -39.454498	0.007 0.180 0.227
player_start	-4269.067871 -922.522827 -39.434143	-0.040 -0.000 0.042
player_start	-4046.182129 -744.011108 -39.470310	-0.085 -0.000 0.085
player_start	-3527.855713 -732.337280 -39.462326	-0.075 -0.000 0.075
player_start	-3044.146729 -729.974670 -39.462326	-0.075 -0.000 0.075
player_start	-2268.694092 -779.603699 -39.445431	-0.055 0.000 0.055
player_start	-1760.460571 -526.759399 -39.456940	-0.069 -0.000 0.069
player_start	-1732.544434 -956.697266 -39.445431	-0.054 -0.000 0.055
player_start	-1150.593140 -759.439209 -39.469261	-0.084 -0.000 0.084
player_start	-1057.674316 -1167.982666 -39.429382	-0.033 -0.000 0.038
player_start	-546.676453 -1296.560547 -39.459572	-0.072 -0.000 0.072
player_start	-438.487640 -972.648743 -39.458683	-0.071 -0.000 0.071
player_start	-662.397949 -668.183167 -39.444752	-0.053 -0.000 0.055
player_start	-452.861176 -519.687622 -39.469261	-0.084 -0.000 0.084
player_start	-27.456104 -340.121063 -39.456089	-0.068 -0.000 0.068
player_start	478.949158 -350.051666 -39.461395	-0.074 -0.000 0.074
player_start	562.842468 -752.091614 -375.457794	-0.070 -0.000 0.070
player_start	212.674530 -910.547058 -375.488098	-0.035 -0.000 0.035
player_start	16.417355 -769.595520 -375.452026	-0.063 -0.000 0.063
player_start	-428.025543 -689.404846 -375.459564	-0.072 -0.000 0.072
player_start	318.531342 -1120.418213 -39.437931	-0.045 -0.000 0.047
player_start	539.300903 -1130.712646 -39.464233	-0.077 -0.000 0.078
player_start	790.526978 -1107.679321 -39.434151	0.134 0.140 0.000
player_start	891.152649 -818.852600 -39.431671	-0.036 -0.000 0.040
player_start	1199.018066 -730.500305 -39.449394	-0.209 -0.059 -0.052
player_start	1278.801880 -419.806793 -39.448223	-0.019 -0.000 0.019
player_start	1329.250610 -139.361359 -39.452812	-0.063 -0.000 0.064
player_start	1854.394165 -136.884415 -39.456089	-0.068 -0.000 0.068
player_start	1972.583374 -483.271240 -39.459576	-0.072 -0.000 0.072
player_start	2200.926758 -590.171570 -39.461403	-0.074 0.000 -0.074
player_start	2485.253906 -723.218933 -375.442780	-0.051 -0.000 0.052
player_start	2603.218262 -861.333679 -375.441498	-0.050 -0.000 0.050
player_start	2186.742676 -537.387146 -375.450470	-0.061 -0.000 0.061
player_start	1995.808350 -479.409576 -375.465210	-0.079 -0.000 0.079
player_start	1829.542847 -227.198410 -375.477722	0.017 0.042 0.133
player_start	1303.916016 -221.960846 -375.446716	-0.000 0.121 0.191
player_start	1197.791016 -747.525269 -375.471558	-0.169 -0.126 0.132
player_start	-1095.757813 -561.366150 -375.460480	-0.073 -0.000 0.073
player_start	-1433.673584 -770.783203 -375.445038	0.022 0.072 0.145
player_start	-1706.678101 -548.221558 -375.449707	-0.060 -0.000 0.060
weapon_mor_mars	-1595.922241 1555.407471 -38.936951	-0.478 23.485 85.414
weapon_mor_mars	-490.321564 1896.875244 -38.877224	-0.379 6.450 86.899
