# morbus weapon/ammo placement overrides - Thank TTT for this lua code
# For map: mor_facility_cv1
# Exported by: Demonkush
setting:	replacespawns 0
need_piss	0.000000 0.000000 0.000000	0.000 0.000 0.000
mor_random_ammo	44.437534 2924.057373 -1327.498291	-1.556 1.518 -1.765
mor_random_ammo	334.250946 1390.830566 -1260.167725	0.046 0.000 -0.033
mor_random_ammo	358.905121 1398.835693 -1260.183105	0.048 0.000 -0.038
mor_random_ammo	995.235779 1274.492798 -1260.126953	-0.302 0.110 -0.467
mor_random_ammo	990.861145 1303.952148 -1260.129150	0.065 0.000 0.011
mor_random_ammo	887.589172 1404.888550 -1260.188477	0.049 -0.000 0.039
mor_random_ammo	565.638550 1207.077881 -1223.657715	0.048 0.000 -0.022
mor_random_ammo	752.956360 1148.709229 -1223.662354	0.047 0.000 -0.025
mor_random_ammo	268.319672 1006.041565 -1279.619141	0.190 -0.001 -0.172
mor_random_ammo	-748.794006 1026.973999 -1191.682617	0.047 0.000 -0.035
mor_random_ammo	808.027405 1396.644287 -247.662369	0.047 0.000 -0.025
mor_random_ammo	802.394592 1412.222900 -247.557297	-1.682 -0.035 2.036
mor_random_ammo	789.709106 1234.232178 -255.578781	1.556 0.040 1.881
mor_random_ammo	809.856995 1231.248047 -255.583420	1.570 -0.041 -1.892
mor_random_ammo	826.153625 1230.019531 -255.644547	0.057 -0.000 0.004
mor_random_ammo	-317.575439 -428.794769 -223.664749	0.047 0.000 -0.027
mor_random_ammo	-314.847748 -392.042725 -223.614914	0.282 -0.001 -0.285
mor_random_ammo	-1895.873779 -2517.387451 -255.569992	1.239 -0.031 -1.487
mor_random_ammo	-1897.283447 -2503.717773 -255.620651	0.159 -0.001 -0.135
mor_random_ammo	-1879.439697 -2507.284424 -255.585739	1.493 0.035 1.783
mor_random_ammo	-1859.019653 -2506.258301 -255.590805	1.678 0.033 2.016
mor_random_ammo	853.819519 2175.897949 -1231.525513	-0.706 -0.022 0.857
mor_random_ammo	667.031494 1987.077271 -1279.607910	0.623 0.005 0.703
mor_random_ammo	671.293945 1506.316406 -1279.563721	1.218 0.030 1.470
mor_random_ammo	887.079773 2617.790771 -1279.660034	0.047 -0.000 0.023
mor_random_ammo	1360.689331 2353.378418 -1279.567627	1.349 -0.033 -1.637
mor_random_ammo	1332.467285 2339.648193 -1279.634644	0.077 -0.000 -0.025
mor_random_ammo	2349.072754 4308.329102 -1535.625488	0.121 0.000 0.084
mor_random_ammo	2372.862305 4313.730957 -1535.646729	0.054 0.000 -0.008
mor_random_ammo	3422.106689 1383.233154 -1279.635376	-0.073 -0.000 0.019
mor_random_ammo	3183.977539 1285.299438 -1279.627563	-0.100 -0.000 0.057
mor_random_ammo	3114.672607 1289.904419 -1279.537964	-1.167 -0.029 1.420
mor_random_ammo	2949.832764 475.723541 -1279.636597	0.071 0.000 0.018
mor_random_ammo	2947.251953 528.333313 -1279.651001	0.051 -0.000 0.014
mor_random_ammo	2817.029297 -288.949860 -1279.608276	0.168 0.144 0.233
mor_random_ammo	2814.613281 -234.952637 -1279.628540	0.152 0.124 0.008
mor_random_ammo	2406.252197 1059.850708 -1279.616089	-0.191 -0.001 0.172
mor_random_ammo	3135.226563 1631.287842 -1279.590820	-0.968 -0.012 1.123
mor_random_ammo	3134.486328 1664.289795 -1279.672241	0.047 -0.000 0.031
mor_random_ammo	2088.043213 -2719.813232 -1279.569824	1.435 0.033 1.742
mor_random_ammo	2087.734619 -2637.113037 -1279.651001	0.051 0.000 -0.014
mor_random_ammo	2266.085205 -1654.549438 -1279.655518	0.049 0.000 -0.020
mor_random_ammo	2260.544189 -1712.066040 -1279.553101	1.059 0.027 1.286
mor_random_ammo	2096.118408 -1163.401123 -1279.620605	0.168 0.001 0.144
mor_random_ammo	2261.441895 421.098938 -1279.608887	0.551 0.004 0.615
mor_random_ammo	2085.087158 1933.090332 -1279.582764	-0.102 -0.096 -0.201
mor_random_ammo	4061.527100 2274.211426 -1279.570801	1.456 0.034 1.768
mor_random_ammo	3147.792236 2086.754639 -1279.657715	0.048 0.000 -0.022
mor_random_ammo	4307.541992 -218.674149 -1255.630859	0.091 -0.000 -0.044
mor_random_ammo	4315.648926 -166.783386 -1255.634521	0.077 0.000 0.026
mor_random_ammo	4327.946289 -146.135086 -1255.618896	0.188 0.001 0.169
mor_random_ammo	4300.396973 -182.746124 -1255.679810	0.047 0.000 -0.034
mor_random_ammo	4310.746582 -127.446846 -1255.625488	0.123 0.000 0.086
mor_random_ammo	4314.142090 -75.676613 -1255.563232	1.291 0.032 1.567
mor_random_ammo	4297.373047 -148.517517 -1255.672119	0.047 -0.000 0.031
mor_random_ammo	3546.510254 23.549467 -1255.551758	1.013 -0.027 -1.230
mor_random_ammo	3575.125000 65.599007 -1255.672119	0.047 0.000 -0.031
mor_random_ammo	3541.550537 71.910851 -1255.634521	0.078 0.000 0.027
mor_random_ammo	3544.544189 188.164536 -1255.672119	0.047 -0.000 0.031
mor_random_ammo	3555.697021 241.640152 -1255.644531	0.057 0.000 -0.004
mor_random_ammo	3543.836182 298.121063 -1255.559326	1.179 -0.030 -1.431
mor_random_ammo	3544.150391 433.439301 -1255.648804	0.053 0.000 -0.011
mor_random_ammo	3564.494873 457.769531 -1255.648804	0.053 0.000 -0.011
mor_random_ammo	3548.902832 679.613037 -1255.562988	1.221 0.030 1.476
mor_random_ammo	3575.194336 642.929260 -1255.660034	0.047 0.000 -0.023
mor_random_ammo	3547.463867 612.003967 -1255.662354	0.047 0.000 -0.025
mor_random_ammo	3778.736084 768.785828 -1231.546387	0.898 -0.025 -1.090
mor_random_ammo	3760.782959 791.796387 -1231.650146	-0.051 -0.000 -0.014
mor_random_ammo	1632.865356 -2076.946777 -1279.622314	0.152 -0.001 -0.124
mor_random_ammo	1835.391235 61.654900 -1279.614136	-0.219 -0.001 0.207
mor_random_ammo	1854.883545 43.113285 -1279.609863	0.480 0.003 0.528
mor_random_ammo	1719.822632 -611.229126 -1279.606445	0.831 0.009 0.957
mor_random_ammo	1714.148560 -592.445679 -1279.563354	1.291 0.032 1.567
mor_random_ammo	1206.398315 -237.845688 -1279.548462	-1.531 -0.036 1.863
mor_random_ammo	1215.353394 -224.074371 -1279.612305	-0.244 -0.001 0.239
mor_random_ammo	776.729919 -1013.089661 -1279.590820	-0.958 -0.011 1.111
mor_random_ammo	618.364014 -2016.177124 -1279.610840	0.408 0.003 0.441
mor_random_ammo	589.929077 -2018.465210 -1279.652466	-0.050 -0.000 -0.017
mor_random_ammo	-121.918633 -1452.909790 -1279.606323	-0.371 -0.002 0.395
mor_random_ammo	-103.025963 -1454.195435 -1279.610352	-0.280 -0.001 0.283
mor_random_ammo	-333.393524 -1872.975464 -1231.640381	0.063 -0.000 -0.006
mor_random_ammo	1481.439941 -3229.971680 -1279.638550	0.066 0.000 0.011
mor_random_ammo	1426.486206 -3226.202637 -1279.642578	0.060 0.000 0.001
mor_random_ammo	4059.722656 -3034.459717 -1279.636597	0.071 0.000 0.018
mor_random_ammo	4067.029785 -3059.752686 -1279.620605	0.168 0.001 0.144
mor_random_ammo	4056.426758 -389.482788 -1279.632690	0.083 0.000 0.035
mor_random_ammo	4054.821289 -421.756836 -1279.667236	0.047 0.000 -0.028
mor_random_ammo	-530.926575 -3038.237305 -383.536865	-0.009 -2.613 -0.821
mor_random_ammo	-388.739868 -3038.970459 -383.605225	1.261 0.019 1.481
mor_random_ammo	-423.986359 -3248.382568 -815.622192	0.147 0.001 0.118
mor_random_ammo	-494.767181 -3243.058594 -815.660034	0.047 -0.000 0.023
mor_random_ammo	-174.529633 -3112.769287 -255.606354	1.422 -0.024 -1.677
mor_random_ammo	-178.778290 -3164.491455 -255.589523	-1.060 0.014 -1.237
mor_random_ammo	-524.141663 -2264.142822 -254.623810	0.135 0.000 0.103
mor_random_ammo	-500.183136 -2260.754150 -254.677246	0.047 0.000 -0.033
mor_random_ammo	-1435.080811 -2053.760254 -255.655472	0.047 0.000 -0.019
mor_random_ammo	-1420.685425 -2036.317139 -255.622162	0.142 0.001 0.113
mor_random_ammo	-1605.787476 -2278.430420 -255.642532	0.057 0.000 -0.000
mor_random_ammo	-1605.497803 -2256.119385 -255.672211	0.045 0.000 -0.030
item_ammo_smg1_mor	1250.104980 3159.893555 -1247.562866	1.087 0.001 0.716
item_ammo_smg1_mor	1234.239136 3161.579834 -1247.582031	0.378 -0.005 0.242
item_ammo_smg1_mor	1208.228271 3162.422607 -1247.478271	-0.238 0.015 -0.203
item_ammo_smg1_mor	1190.442993 3161.748535 -1247.523193	0.553 -0.014 0.242
item_ammo_smg1_mor	526.550842 3369.234131 -1247.516235	-0.792 0.003 -0.638
item_ammo_smg1_mor	555.774231 3367.322021 -1247.453491	-0.001 0.545 -0.003
item_ammo_smg1_mor	113.774368 2869.448730 -1327.480957	-0.250 0.014 -0.211
item_ammo_smg1_mor	94.941307 2867.505371 -1327.473267	-0.204 0.016 -0.171
item_ammo_smg1_mor	360.890991 910.510803 -1279.475708	-0.219 0.015 -0.184
item_ammo_smg1_mor	381.509644 911.237000 -1279.516602	-0.791 0.003 -0.637
item_ammo_smg1_mor	-596.073792 2025.522705 -223.499161	-0.812 0.011 -0.603
item_ammo_smg1_mor	-617.054565 2031.734741 -223.608322	0.109 -0.005 0.061
item_ammo_smg1_mor	1248.643555 1112.894287 -223.521927	0.545 -0.083 0.239
item_ammo_smg1_mor	-937.715393 -2598.460938 -255.455429	0.019 -0.489 -0.116
item_ammo_smg1_mor	-957.735291 -2596.622559 -255.495560	0.662 -0.011 -0.501
item_ammo_smg1_mor	1378.979614 2097.215088 -1279.458618	-0.116 0.018 -0.101
item_ammo_smg1_mor	1360.269165 2097.951904 -1279.525024	-0.565 0.014 0.256
item_ammo_smg1_mor	2787.822021 2917.446045 -1535.582031	0.376 -0.005 0.241
item_ammo_smg1_mor	2770.381104 2923.544678 -1535.490845	-0.387 0.011 -0.318
item_ammo_smg1_mor	2108.382324 4747.598145 -1279.593506	0.212 -0.005 0.130
item_ammo_smg1_mor	2966.800293 3237.303711 -1279.491699	0.428 -0.011 -0.346
item_ammo_smg1_mor	3370.141602 1886.862915 -1255.586426	-0.301 0.005 0.191
item_ammo_smg1_mor	3387.409180 1873.039551 -1255.598267	-0.171 0.005 0.103
item_ammo_smg1_mor	2465.448730 458.580627 -1279.465820	-0.164 0.017 -0.141
item_ammo_smg1_mor	4317.769531 527.634338 -1255.492432	-0.393 0.011 -0.316
item_ammo_smg1_mor	3545.647705 140.873093 -1255.586426	0.302 -0.005 0.191
item_ammo_smg1_mor	3564.801025 141.880127 -1255.588745	0.269 -0.005 0.169
item_ammo_smg1_mor	1449.390137 -286.962769 -1247.516235	-0.792 0.003 -0.639
item_ammo_smg1_mor	1444.757324 -223.711029 -1247.490479	-0.362 -0.010 0.296
item_ammo_smg1_mor	-278.489319 -3097.852295 -1103.492432	-0.477 0.012 -0.379
item_ammo_smg1_mor	-304.386444 -3086.465820 -1103.573486	0.594 -0.003 0.386
mor_random_rifle	1109.522095 3172.061523 -1247.140015	2.045 -6.868 83.765
mor_random_rifle	19.518345 2027.221436 -1327.135132	2.110 -5.691 83.893
mor_random_rifle	387.431061 2149.583984 -1279.136963	2.132 -5.695 83.910
mor_random_rifle	-476.313843 1937.602783 -223.103043	2.177 -5.665 84.435
mor_random_rifle	632.215210 1220.515015 -255.136749	2.131 -5.695 83.909
mor_random_rifle	-117.723618 1496.900635 -255.136444	2.127 -5.695 83.906
mor_random_rifle	-518.607666 1121.301147 -254.139481	2.165 -5.711 83.936
mor_random_rifle	-124.791687 -2257.042480 -255.134735	2.105 -5.690 83.889
mor_random_rifle	-1760.459717 -2065.593994 -255.150024	2.149 -6.171 83.994
mor_random_rifle	1345.128174 2754.816650 -1279.136597	2.128 -5.695 83.907
mor_random_rifle	2468.535156 3246.175293 -1535.135376	2.113 -5.691 83.896
mor_random_rifle	3465.734375 1873.718994 -1255.135010	2.109 -5.690 83.892
mor_random_rifle	3868.760986 322.173645 -1279.138184	2.148 -5.702 83.923
mor_random_rifle	1126.263550 -1953.294312 -1279.137573	2.140 -5.699 83.917
mor_random_rifle	1621.696045 -269.849823 -1247.136597	2.129 -5.695 83.908
mor_random_rifle	3255.144531 -1753.488159 -1279.137451	2.139 -5.697 83.916
info_alien_spawn	828.754578 400.697510 1280.550049	0.031 0.036 0.110
info_alien_spawn	983.753662 243.152405 1280.510254	-0.078 -0.000 0.078
info_alien_spawn	1193.140747 393.295197 1280.524780	0.030 -0.075 0.269
info_alien_spawn	1289.043945 522.793579 1280.535278	-0.237 0.087 -0.032
info_alien_spawn	815.946655 581.497864 1280.522827	-0.067 -0.000 0.067
info_alien_spawn	585.436523 466.995148 1280.547852	-0.045 -0.000 0.045
info_alien_spawn	792.493530 218.696915 1280.532593	-0.059 -0.000 0.058
info_alien_spawn	911.275696 39.870163 1280.573120	-0.024 -0.000 0.023
info_alien_spawn	1017.539001 19.793798 1280.538452	-0.053 -0.000 0.053
info_alien_spawn	1162.871704 10.792883 1280.563721	-0.032 -0.000 0.031
info_alien_spawn	1312.675903 183.150955 1280.503174	-0.084 -0.000 0.084
info_alien_spawn	1265.418335 311.493774 1280.559082	-0.036 -0.000 0.035
info_alien_spawn	1040.649292 476.872681 1280.536621	-0.055 -0.000 0.055
info_alien_spawn	932.685791 348.679474 1280.508911	-0.079 -0.000 0.079
info_alien_spawn	1096.360840 313.941498 1280.528198	-0.062 -0.000 0.062
info_alien_spawn	869.266907 173.116547 1280.528442	-0.062 -0.000 0.062
info_alien_spawn	1055.708862 161.949341 1280.508911	-0.079 -0.000 0.079
info_alien_spawn	867.602234 -129.734467 1280.510010	-0.078 -0.000 0.078
info_alien_spawn	1117.673706 -147.380249 1280.539429	-0.053 -0.000 0.053
info_alien_spawn	1151.386230 153.140884 1280.583374	-0.204 -0.081 -0.151
info_alien_spawn	1173.427124 290.585999 1280.503174	-0.084 -0.000 0.084
info_alien_spawn	993.373169 443.593079 1280.533691	-0.058 -0.000 0.058
info_alien_spawn	881.869812 275.294891 1280.522827	-0.067 -0.000 0.067
info_alien_spawn	775.745728 85.545410 1280.567261	-0.029 -0.000 0.028
info_alien_spawn	942.130127 -93.113739 1280.542114	-0.050 -0.000 0.050
info_alien_spawn	1087.135132 14.642854 1280.561401	-0.034 -0.000 0.033
info_alien_spawn	1199.032104 80.397614 1280.517700	-0.071 -0.000 0.071
info_alien_spawn	1000.900208 361.105286 1280.581787	-0.018 -0.000 0.013
info_alien_spawn	887.334473 489.094727 1280.536621	-0.055 -0.000 0.055
info_alien_spawn	1113.017944 397.791138 1280.528809	0.059 -0.086 0.241
info_alien_spawn	1110.063232 223.387589 1280.549438	-0.044 -0.000 0.044
info_alien_spawn	963.996521 126.754379 1280.514282	-0.075 -0.000 0.075
info_alien_spawn	804.936035 -31.780773 1280.577759	-0.017 -0.000 0.021
info_alien_spawn	1312.649048 409.957336 1280.543823	-0.049 -0.000 0.049
info_alien_spawn	1161.773926 497.860779 1280.510254	-0.078 -0.000 0.078
info_alien_spawn	765.660278 311.408875 1280.554443	-0.040 -0.000 0.039
mor_random_weapon	546.153381 3218.645508 -1246.789063	1.554 4.995 -93.107
mor_random_weapon	538.990784 3236.417480 -1246.755493	1.372 4.089 -93.749
mor_random_weapon	-429.829163 1967.905029 -222.753342	1.348 4.699 -93.805
mor_random_weapon	-594.927002 1945.579102 -222.770493	1.542 4.682 -93.360
mor_random_weapon	-359.085419 -394.699860 -222.786438	1.722 4.703 -92.947
mor_random_weapon	2349.953369 4283.585449 -1534.794678	1.814 4.711 -92.736
mor_random_weapon	3505.503906 1210.185059 -1278.765747	1.487 4.673 -93.485
mor_random_weapon	2879.365967 187.235397 -1278.804688	1.928 4.718 -92.476
mor_random_weapon	3119.649170 1648.341064 -1278.771118	1.548 4.682 -93.345
mor_random_weapon	4299.101563 67.806755 -1254.780029	1.650 5.845 -93.112
mor_random_weapon	4300.711426 20.281292 -1254.786255	1.720 6.904 -92.952
mor_random_weapon	3571.747314 380.510040 -1254.781128	1.663 4.696 -93.084
mor_random_weapon	3556.568848 332.576080 -1254.767456	1.507 4.676 -93.439
mor_random_weapon	1604.417603 -170.551437 -1246.790894	1.773 4.708 -92.832
mor_random_weapon	1470.812378 -167.617172 -1246.764893	1.478 4.671 -93.506
mor_random_weapon	-92.746460 -1494.987549 -1278.776367	1.608 4.691 -93.209
mor_random_weapon	-214.512848 -3139.179443 -254.802078	1.899 4.927 -92.543
mor_random_weapon	-513.378296 -2287.266113 -253.783905	1.694 4.700 -93.012
item_ammo_battery_mor	551.394958 3276.692871 -1241.868042	0.017 -0.096 0.137
item_ammo_battery_mor	-36.548820 2339.722412 -1273.892090	0.022 -0.095 0.180
item_ammo_battery_mor	-86.771103 1939.686279 -1219.584839	-0.012 -0.067 0.273
item_ammo_battery_mor	-70.090202 1942.288574 -1219.488647	-0.005 -0.078 0.128
item_ammo_battery_mor	-223.696625 2010.410034 -249.855331	0.014 -0.096 0.114
item_ammo_battery_mor	1210.469971 1627.211670 -1225.840088	0.007 -0.088 0.084
item_ammo_battery_mor	1239.774902 1627.732666 -1203.876587	0.011 -0.088 0.146
item_ammo_battery_mor	2537.826660 4361.300293 -1289.883301	0.020 -0.096 0.164
item_ammo_battery_mor	2428.502441 3787.797119 -1273.903320	0.024 -0.095 0.200
item_ammo_battery_mor	3549.235840 -34.323921 -1249.923340	0.029 -0.094 0.236
item_ammo_buckshot_mor	530.721130 3318.587402 -1247.540283	0.473 -0.011 0.390
item_ammo_buckshot_mor	545.428894 3319.228760 -1247.603882	1.067 0.001 0.882
item_ammo_buckshot_mor	560.567627 1845.798218 -1183.584473	-0.759 -0.006 0.676
item_ammo_buckshot_mor	629.538818 1170.507324 -1279.535156	-0.394 -0.005 0.315
item_ammo_buckshot_mor	-535.226135 1977.402832 -223.535583	-0.379 -0.006 0.337
item_ammo_buckshot_mor	2827.196777 1891.393188 -1279.548584	-0.482 -0.007 0.427
weapon_mor_beretta	1237.489014 1331.720581 -254.455292	86.688 -4.746 -36.717
weapon_glowstick	4382.249023 1749.251343 -718.743103	0.000 167.446 0.000
weapon_glowstick	1293.550903 3172.087891 -1246.962524	-3.219 11.401 67.579
weapon_glowstick	546.073120 3512.703613 -1247.270020	-2.582 -1.068 44.961
weapon_glowstick	534.881287 3508.940674 -1246.022705	3.077 -2.525 -106.750
weapon_glowstick	1293.147461 3167.808838 -1247.058350	1.822 4.259 -48.392
weapon_glowstick	36.070175 2919.084717 -1326.569214	2.934 2.720 -76.457
weapon_glowstick	29.497389 2432.097656 -1327.496094	-1.385 7.744 14.636
weapon_glowstick	373.856873 1466.221680 -1279.413208	0.088 35.361 -13.703
weapon_glowstick	969.402893 929.576721 -1279.471802	-1.554 -68.847 17.623
weapon_glowstick	-344.573059 1869.627686 -253.984451	-1.930 -4.153 128.954
weapon_glowstick	-343.716003 1864.228394 -255.274689	-2.552 0.668 43.893
weapon_glowstick	-431.289734 1965.149292 -223.256531	0.703 7.072 -25.945
weapon_glowstick	-430.299347 1963.769653 -223.229370	-2.633 0.710 46.951
weapon_glowstick	793.770508 1464.140625 -247.335815	0.342 13.997 -18.444
weapon_glowstick	-848.589539 837.788330 -255.108856	-2.972 1.627 62.832
weapon_glowstick	-297.417969 971.845215 -253.527832	-0.195 -5.585 164.394
weapon_glowstick	-1866.731934 -2108.065186 -185.451675	1.343 -0.364 -165.951
weapon_glowstick	-28.955172 -464.038177 -254.064072	3.072 -3.663 -105.396
weapon_glowstick	1042.569824 1635.234497 -1237.384277	-1.454 7.270 28.569
weapon_glowstick	1193.942261 2798.748047 -1208.083984	3.066 -6.587 -103.634
weapon_glowstick	1228.297485 2793.230713 -1209.077271	1.589 0.145 -43.296
weapon_glowstick	2107.164795 2805.761475 -1533.594971	-0.295 -4.826 162.204
weapon_glowstick	3258.833008 3205.439941 -1278.434937	2.405 127.365 -88.774
weapon_glowstick	3524.722900 1896.338501 -1253.802490	-1.688 1.649 134.567
weapon_glowstick	3542.413574 1884.980835 -1253.513672	-0.226 -17.718 163.463
weapon_glowstick	3569.796387 733.201477 -1254.732178	2.736 -1.791 -71.114
weapon_glowstick	3565.563721 770.286133 -1255.340210	0.350 -0.847 -19.068
weapon_glowstick	3576.342041 771.729309 -1254.392822	2.350 -4.478 -90.195
weapon_glowstick	1242.331665 57.949158 -1277.524536	0.048 -4.451 -179.652
weapon_glowstick	-60.829540 -2169.307129 -1278.465210	1.794 -5.505 -92.402
weapon_glowstick	-62.785480 -2170.158447 -1279.240356	-2.573 -6.385 44.948
weapon_glowstick	-1622.725586 1485.539795 -1037.489624	-0.070 -6.267 167.185
weapon_glowstick	-1622.323730 1483.125610 -1039.271240	-2.488 -4.754 43.133
weapon_glowstick	3245.764160 -1301.674438 -1278.518677	2.790 15.672 -77.897
weapon_glowstick	3260.476318 -1321.170410 -1279.286133	0.772 12.159 -22.888
weapon_glowstick	-240.342010 -3050.275879 -1101.618164	2.508 -1.291 -137.122
weapon_mor_zx9	534.604858 3401.762451 -1242.867432	-2.653 -0.749 0.023
weapon_mor_zx9	1470.002197 3507.033936 -1274.902222	-2.718 -0.943 0.150
weapon_mor_zx9	-83.465675 1788.383545 -250.911102	-2.728 -0.945 0.185
weapon_mor_zx9	-1937.826660 -2266.935059 -250.943054	-2.722 -0.399 0.571
weapon_mor_zx9	3551.636230 550.455627 -1250.935791	-2.756 -0.949 0.281
weapon_mor_zx9	1527.825806 -151.588730 -1242.913330	-2.731 -0.945 0.193
weapon_mor_blaster	540.540833 3261.658691 -1247.087891	2.245 -18.496 -84.725
weapon_mor_blaster	-25.126375 2331.863525 -1279.170532	2.214 -18.386 -83.879
weapon_mor_blaster	-252.978149 2014.839722 -255.168335	2.215 -18.398 -83.900
weapon_mor_blaster	2527.024658 4376.127441 -1295.164185	2.216 -18.398 -83.943
weapon_mor_blaster	3567.955811 -10.093760 -1255.018066	2.803 -13.678 -85.280
weapon_mor_scarm8	533.345581 3309.219482 -1246.763306	0.331 9.248 84.626
weapon_mor_scarm8	543.707336 1859.494629 -1182.790894	0.503 9.282 83.970
weapon_mor_scarm8	619.018555 1150.233032 -1278.793091	0.516 9.316 83.921
weapon_mor_scarm8	-545.259766 1952.204468 -222.766174	0.472 9.412 84.461
weapon_mor_scarm8	2849.687256 1866.605713 -1278.749634	0.349 9.321 84.815
item_ammo_pistol_mor	1010.725342 3167.085449 -1247.627319	0.110 0.020 -0.033
item_ammo_pistol_mor	999.403015 3165.127930 -1247.611328	0.096 0.020 -0.029
item_ammo_pistol_mor	1073.535645 3161.877686 -1247.554565	-0.047 -0.020 -0.014
item_ammo_pistol_mor	1061.866699 3162.295654 -1247.556152	0.048 0.020 -0.014
item_ammo_pistol_mor	1048.679810 3160.959473 -1247.595825	-0.083 -0.020 -0.025
item_ammo_pistol_mor	-216.883636 1944.557861 -1327.556274	-0.048 -0.020 -0.014
item_ammo_pistol_mor	-211.365555 1963.044800 -1327.534424	-0.274 0.264 -0.304
item_ammo_pistol_mor	104.319435 2254.676514 -1327.645752	-0.126 -0.019 -0.038
item_ammo_pistol_mor	83.780388 2253.107910 -1327.613037	-0.098 -0.020 -0.029
item_ammo_pistol_mor	577.354614 1921.930542 -1279.614746	-0.099 -0.020 -0.030
item_ammo_pistol_mor	560.586304 1927.519897 -1279.604858	-0.090 -0.020 -0.027
item_ammo_pistol_mor	525.884705 832.560303 -1231.534668	-0.029 -0.020 -0.009
item_ammo_pistol_mor	1241.797607 1308.394653 -255.639297	-0.121 -0.019 -0.036
item_ammo_pistol_mor	781.117920 1011.111389 -255.677032	-0.154 -0.018 -0.046
item_ammo_pistol_mor	797.834961 1014.788208 -255.564194	-0.055 -0.020 -0.017
item_ammo_pistol_mor	-845.459106 970.683472 -255.593063	-0.080 -0.020 -0.024
item_ammo_pistol_mor	-830.769226 976.751343 -255.575562	-0.065 -0.020 -0.020
item_ammo_pistol_mor	-1584.617798 -2492.853760 -255.625443	-0.109 -0.019 -0.033
item_ammo_pistol_mor	-1600.431396 -2494.391602 -255.619934	-0.104 -0.019 -0.031
item_ammo_pistol_mor	-1590.732666 -2461.054199 -255.637222	-0.119 -0.019 -0.036
item_ammo_pistol_mor	-1605.913086 -2461.314209 -255.604858	-0.091 -0.020 -0.027
item_ammo_pistol_mor	1196.791626 1767.073730 -1241.600220	-0.087 -0.020 -0.026
item_ammo_pistol_mor	2811.911865 3841.952637 -1535.577026	0.546 -2.054 0.126
item_ammo_pistol_mor	2796.097900 3843.039795 -1532.746704	89.923 -173.835 176.546
item_ammo_pistol_mor	2091.822510 2794.660400 -1279.652466	-0.132 -0.019 -0.040
item_ammo_pistol_mor	3559.448242 3223.106201 -1231.619873	-0.104 -0.020 -0.031
item_ammo_pistol_mor	2731.408203 1287.538696 -1279.609741	-0.095 -0.020 -0.029
item_ammo_pistol_mor	2061.586426 781.889404 -1279.600342	-0.086 -0.020 -0.026
item_ammo_pistol_mor	2082.546631 782.316650 -1279.616455	-0.101 -0.020 -0.030
item_ammo_pistol_mor	2352.586670 480.276001 -1279.666748	-0.145 -0.018 -0.044
item_ammo_pistol_mor	4322.209473 624.188049 -1255.631226	-0.114 -0.020 -0.034
item_ammo_pistol_mor	4303.896973 622.676270 -1255.641357	-0.122 -0.019 -0.037
item_ammo_pistol_mor	3562.104980 -991.927551 -1279.647949	-0.128 -0.019 -0.039
item_ammo_pistol_mor	1634.316650 -1778.874878 -1279.544434	-0.038 -0.020 -0.011
item_ammo_pistol_mor	1650.019653 -1775.332642 -1279.587769	-0.076 -0.020 -0.023
item_ammo_pistol_mor	1554.501099 -338.102814 -1247.590332	0.078 0.020 -0.024
item_ammo_pistol_mor	1529.758667 -339.577911 -1247.558716	-0.050 -0.020 -0.015
item_ammo_pistol_mor	1478.166626 -334.117126 -1247.625488	-0.108 -0.020 -0.033
item_ammo_pistol_mor	1606.012207 -332.724548 -1247.601807	0.088 0.020 -0.027
item_ammo_pistol_mor	3553.137451 -1917.000854 -1279.647949	-0.128 -0.019 -0.039
item_ammo_pistol_mor	3554.297852 -1891.183350 -1279.608032	-0.093 -0.020 -0.028
weapon_mor_medkit	1293.121094 3178.704102 -1247.504028	-0.433 1.996 0.060
weapon_mor_medkit	552.712708 3488.689453 -1247.516357	-0.117 -2.139 0.110
weapon_mor_medkit	27.891590 2439.154297 -1327.508911	-0.346 1.393 0.277
weapon_mor_medkit	-392.591797 2001.584229 -223.518143	-0.348 -1.232 -0.128
weapon_mor_medkit	-406.081787 2019.386475 -223.502548	-0.475 -0.287 0.082
weapon_mor_medkit	799.757019 1345.429810 -247.518585	-0.852 -0.264 0.032
weapon_mor_medkit	-849.016663 844.235840 -255.515594	-0.356 -0.944 0.372
weapon_mor_medkit	-1442.634155 -2518.151367 -255.552521	-1.434 2.033 0.093
weapon_mor_medkit	1198.736206 2798.292725 -1231.509155	-0.600 0.580 0.085
weapon_mor_medkit	3223.543945 3230.802979 -1279.509766	-0.645 -0.283 0.059
weapon_mor_medkit	3546.561035 1202.555786 -1279.512573	-0.709 -0.281 0.050
weapon_mor_medkit	2662.844482 673.003418 -1275.521729	-0.861 0.587 0.071
weapon_mor_medkit	4295.705078 479.359283 -1255.519531	-0.875 -0.264 0.028
weapon_mor_medkit	1241.685181 -198.163727 -1231.539185	0.013 -0.851 1.017
weapon_mor_medkit	-2036.261597 812.204834 -1191.545410	-0.350 -1.779 -0.420
mor_random_pistol	1025.044434 3174.516602 -1247.166260	2.215 -18.401 -83.922
mor_random_pistol	1020.787354 3159.793457 -1247.138428	2.226 -18.489 -84.207
mor_random_pistol	-192.809204 1954.129272 -1327.170532	2.214 -18.386 -83.879
mor_random_pistol	27.468214 2157.846191 -1327.146973	2.223 -18.473 -84.119
mor_random_pistol	29.259701 2209.176270 -1327.166260	2.215 -18.401 -83.922
mor_random_pistol	22.308140 2183.667969 -1327.094482	2.243 -18.494 -84.658
mor_random_pistol	573.829468 1940.813721 -1279.154419	2.220 -18.437 -84.044
mor_random_pistol	529.218750 843.887634 -1231.046265	2.927 -21.649 -85.139
mor_random_pistol	954.379333 1018.595520 -255.174805	2.212 -18.358 -83.834
mor_random_pistol	898.724182 1016.640381 -255.154343	2.220 -18.437 -84.044
mor_random_pistol	925.217285 1014.904114 -255.136765	2.227 -18.490 -84.224
mor_random_pistol	-774.506531 989.662048 -255.133560	2.228 -18.488 -84.257
mor_random_pistol	-799.019226 986.546631 -255.181580	2.209 -18.343 -83.764
mor_random_pistol	-806.089966 1004.635071 -255.168335	2.215 -18.398 -83.900
mor_random_pistol	-1533.013916 -2460.514160 -255.029709	1.725 -19.212 -86.273
mor_random_pistol	-1545.576538 -2489.207764 -255.029602	1.815 -19.174 -86.116
mor_random_pistol	-1560.153687 -2462.437500 -255.029449	1.938 -19.141 -85.902
mor_random_pistol	1241.310181 1764.962769 -1241.029297	2.013 -19.125 -85.772
mor_random_pistol	1057.585938 2553.433350 -1237.029419	1.961 -20.578 -85.863
mor_random_pistol	1040.984741 2571.823730 -1237.029419	1.947 -20.587 -85.888
mor_random_pistol	2700.325439 3757.234863 -1535.181641	2.209 -18.342 -83.765
mor_random_pistol	2728.545410 3727.015137 -1535.117554	2.234 -18.490 -84.421
mor_random_pistol	2702.388184 3718.172852 -1535.148804	2.222 -18.469 -84.101
mor_random_pistol	2112.868408 2801.510254 -1279.100708	2.241 -18.493 -84.594
mor_random_pistol	3545.311279 3231.809326 -1231.116211	2.235 -18.491 -84.435
mor_random_pistol	2753.116943 1276.647339 -1279.145264	2.223 -18.471 -84.137
mor_random_pistol	2071.946777 801.576965 -1279.160156	2.218 -18.429 -83.984
mor_random_pistol	2406.886719 476.862335 -1279.146729	2.219 -18.447 -84.130
mor_random_pistol	2376.562744 467.519623 -1279.124512	2.231 -18.489 -84.350
mor_random_pistol	4302.895020 675.379883 -1255.141724	2.225 -18.487 -84.173
mor_random_pistol	4322.517090 656.967224 -1255.130371	2.229 -18.490 -84.289
mor_random_pistol	4298.864746 638.817688 -1255.112549	2.241 -18.083 -84.465
mor_random_pistol	3583.202637 -991.340088 -1279.132080	2.229 -18.489 -84.273
mor_random_pistol	1653.497192 -1798.827393 -1279.113647	2.236 -18.492 -84.461
mor_random_pistol	1495.504150 -355.671570 -1247.121582	3.109 -16.830 -84.019
mor_random_pistol	1537.558472 -366.244659 -1247.112305	2.236 -18.491 -84.474
mor_random_pistol	1579.058716 -351.972137 -1247.148804	2.222 -18.469 -84.101
mor_random_pistol	3528.489258 -1924.545654 -1279.105225	2.239 -18.492 -84.549
mor_random_pistol	3537.443359 -1903.387451 -1279.135132	2.227 -18.490 -84.241
mor_random_smg	543.171814 3345.338623 -1246.786987	0.519 2.017 -87.755
mor_random_smg	-95.562469 2895.870850 -1278.904419	0.234 6.153 -87.184
mor_random_smg	362.145752 873.394775 -1278.906128	0.294 6.174 -87.258
mor_random_smg	-613.026062 1990.629883 -222.904846	0.251 6.163 -87.204
mor_random_smg	1246.442993 1124.424805 -222.954269	0.185 6.247 -86.827
mor_random_smg	-914.989075 -2616.047363 -254.906876	0.323 6.187 -87.293
mor_random_smg	1363.196655 2067.114258 -1278.906860	0.321 6.182 -87.291
mor_random_smg	2775.897217 2943.942383 -1534.906250	0.300 6.174 -87.265
mor_random_smg	2111.853271 4711.979492 -1278.905396	0.268 6.177 -87.226
mor_random_smg	2973.934326 3207.324463 -1278.906128	0.294 6.174 -87.258
mor_random_smg	3335.082031 1873.099121 -1254.906250	0.301 6.174 -87.266
mor_random_smg	2455.555908 476.379913 -1278.905029	0.254 6.165 -87.208
mor_random_smg	4309.384766 542.904968 -1254.906860	0.325 6.192 -87.295
mor_random_smg	3556.412842 103.501068 -1254.905273	0.267 6.177 -87.225
mor_random_smg	1438.646606 -265.822540 -1246.906616	0.313 6.175 -87.281
mor_random_smg	-289.169617 -3068.301025 -1102.906372	0.306 6.551 -87.273
item_ammo_revolver_mor	1163.911133 3158.430176 -1247.627319	-0.110 -0.020 -0.033
item_ammo_revolver_mor	1152.022217 3158.318359 -1247.650146	0.130 0.019 -0.039
item_ammo_revolver_mor	1138.509033 3157.499756 -1247.621704	0.105 0.020 -0.032
item_ammo_revolver_mor	31.215885 2044.909668 -1327.679810	-0.156 -0.017 -0.047
item_ammo_revolver_mor	11.353478 2045.570190 -1327.563354	-0.054 -0.020 -0.016
item_ammo_revolver_mor	378.960388 2191.130127 -1231.656982	-0.136 -0.019 -0.041
item_ammo_revolver_mor	392.685059 2188.517578 -1231.643555	-0.124 -0.019 -0.038
item_ammo_revolver_mor	280.720490 1275.575439 -1260.145508	-0.124 -0.020 -0.031
item_ammo_revolver_mor	287.331177 1350.308350 -1260.133057	-0.113 -0.020 -0.028
item_ammo_revolver_mor	317.187073 1386.420288 -1260.057861	-0.324 -0.003 0.058
item_ammo_revolver_mor	-468.857269 1950.032593 -223.647888	-0.128 -0.019 -0.039
item_ammo_revolver_mor	668.015503 1225.118774 -255.611298	-0.096 -0.020 -0.029
item_ammo_revolver_mor	688.284363 1224.407715 -255.619934	-0.104 -0.020 -0.031
item_ammo_revolver_mor	-80.256599 1470.427368 -255.585098	-0.073 -0.020 -0.022
item_ammo_revolver_mor	-96.815742 1473.094849 -255.588989	-0.077 -0.020 -0.023
item_ammo_revolver_mor	-501.551300 1130.828491 -254.591675	-0.079 -0.020 -0.024
item_ammo_revolver_mor	-515.563965 1137.896362 -254.659393	-0.138 -0.019 -0.042
item_ammo_revolver_mor	-88.476074 -2286.697754 -255.639297	-0.121 -0.019 -0.036
item_ammo_revolver_mor	-123.185860 -2292.423096 -255.601761	-0.088 -0.020 -0.027
item_ammo_revolver_mor	-1776.847656 -2040.959229 -255.631195	-0.114 -0.019 -0.034
item_ammo_revolver_mor	-1756.645630 -2041.303955 -255.591690	-0.079 -0.020 -0.024
item_ammo_revolver_mor	1374.094971 2777.073975 -1279.583862	-0.072 -0.020 -0.022
item_ammo_revolver_mor	1381.589844 2752.156494 -1279.601807	-0.088 -0.020 -0.027
item_ammo_revolver_mor	2500.794434 3274.688477 -1535.614746	-0.099 -0.020 -0.030
item_ammo_revolver_mor	2484.822266 3274.043213 -1535.629272	-0.112 -0.019 -0.034
item_ammo_revolver_mor	3473.479736 1888.052979 -1255.566040	-0.057 -0.020 -0.017
item_ammo_revolver_mor	3487.338623 1883.305420 -1255.652344	-0.132 -0.019 -0.040
item_ammo_revolver_mor	3856.621094 276.549500 -1279.643555	-0.124 -0.019 -0.038
item_ammo_revolver_mor	3841.832520 291.490570 -1279.594482	-0.081 -0.020 -0.025
item_ammo_revolver_mor	1099.222046 -1934.936157 -1279.637329	-0.119 -0.019 -0.036
item_ammo_revolver_mor	1147.176392 -1935.519043 -1279.614746	-0.099 -0.020 -0.030
item_ammo_revolver_mor	1623.887939 -234.413956 -1247.597290	0.084 0.020 -0.025
item_ammo_revolver_mor	1633.709595 -254.646408 -1247.619873	0.104 0.020 -0.031
item_ammo_revolver_mor	3248.582520 -1722.219727 -1279.573364	-0.063 -0.020 -0.019
item_ammo_revolver_mor	3266.305664 -1722.437744 -1279.541260	-0.035 -0.020 -0.011
weapon_frag	1623.239990 -3143.449951 -1278.000000	0.000 0.000 0.000
weapon_frag	528.006775 3443.157715 -1245.870605	-36.261 -56.233 -90.795
weapon_frag	540.016785 3455.970459 -1245.895142	-35.886 -56.599 -90.220
weapon_frag	545.517212 3465.862305 -1245.813843	-37.129 -55.332 -92.168
weapon_frag	547.763977 3444.798340 -1245.772949	-37.013 -56.300 -93.483
weapon_frag	1498.257202 3210.430420 -1277.878662	-36.138 -56.336 -90.606
weapon_frag	1479.995361 3180.829102 -1277.890137	-35.964 -56.510 -90.338
weapon_frag	1445.244263 3202.068359 -1277.862061	-36.393 -56.088 -91.001
weapon_frag	76.769676 2218.339355 -1277.830322	-36.877 -55.587 -91.763
weapon_frag	288.435455 847.760071 -1277.780273	-37.642 -54.756 -93.006
weapon_frag	286.837799 836.287659 -1277.882568	-36.079 -56.399 -90.514
weapon_frag	-32.957527 1718.942749 -253.909042	-35.674 -56.792 -89.898
weapon_frag	-36.611404 1696.242554 -253.933655	-35.299 -57.138 -89.335
weapon_frag	-62.789116 1728.692383 -253.901505	-35.789 -56.672 -90.072
weapon_frag	-75.194794 1712.750854 -253.920929	-35.492 -56.958 -89.625
weapon_frag	-88.969414 1735.530640 -253.843124	-36.681 -55.369 -91.453
weapon_frag	-853.698425 1444.258423 -253.753769	-38.045 -53.825 -93.680
weapon_frag	-703.216980 -743.507019 -221.870697	-36.260 -56.229 -90.794
weapon_frag	-694.026855 -762.439026 -221.881287	-36.098 -56.311 -90.544
weapon_frag	-1904.171509 -2034.134766 -253.915115	-37.304 -57.686 -90.198
weapon_frag	-1912.047729 -2035.682129 -253.968430	-36.954 -58.355 -89.059
weapon_frag	-1909.365112 -2053.887451 -253.912201	-37.323 -57.647 -90.261
weapon_frag	1249.428589 1628.494629 -1229.844727	-36.655 -49.355 -91.412
weapon_frag	1056.221802 2714.435547 -1235.788574	13.973 -26.365 -91.517
weapon_frag	3560.898438 2791.307617 -1277.898071	-35.843 -56.626 -90.154
weapon_frag	3040.585693 2890.936768 -1277.593018	36.629 -20.069 -93.235
weapon_frag	2616.198975 3227.343262 -1341.844116	-36.666 -55.820 -91.429
weapon_frag	2115.410400 3280.252686 -1529.906128	-35.718 -56.754 -89.965
weapon_frag	2093.374512 3298.683838 -1529.807251	-37.229 -55.221 -92.330
weapon_frag	2128.822266 3293.870605 -1529.875244	-36.190 -56.300 -90.686
weapon_frag	3389.018555 1536.605835 -1277.888184	-35.993 -56.480 -90.383
weapon_frag	3362.116943 1539.378540 -1277.868530	-36.293 -56.187 -90.845
weapon_frag	3372.912842 1546.920776 -1277.898071	-35.843 -56.626 -90.154
weapon_frag	4312.592285 -9.327633 -1253.790283	-37.488 -54.944 -92.753
weapon_frag	4313.436035 -40.601788 -1253.872803	-36.226 -56.272 -90.742
weapon_frag	4292.815918 -21.327351 -1253.836792	-36.777 -55.711 -91.604
weapon_frag	4300.279785 451.138855 -1253.885376	-36.035 -56.570 -90.448
weapon_frag	4314.704102 477.014923 -1253.776855	-37.693 -54.714 -93.091
weapon_frag	1882.386597 -460.669525 -1277.793457	-37.440 -54.980 -92.673
weapon_frag	1865.707520 -475.276184 -1277.864136	-36.360 -56.121 -90.950
weapon_frag	1888.908325 -491.792999 -1277.877808	-36.152 -56.327 -90.628
weapon_frag	-349.770935 -1922.551270 -1277.906372	-35.716 -56.746 -89.962
weapon_frag	-356.964325 -1932.645508 -1277.773193	-37.750 -54.631 -93.186
weapon_frag	-2043.985352 1434.944946 -1189.817993	-37.064 -55.399 -92.064
weapon_frag	-2040.131836 1428.484009 -1189.770386	-37.793 -54.592 -93.256
weapon_frag	-449.431213 -3140.123047 -255.919876	13.543 -36.798 -89.481
weapon_frag	-457.689880 -3116.867432 -959.798523	13.196 -37.299 -91.528
weapon_frag	1247.335449 1021.971436 -253.862015	-36.392 -56.095 -91.000
weapon_frag	1231.517456 1008.377319 -253.842239	-36.695 -55.792 -91.474
weapon_frag	1258.304443 1008.149109 -253.905670	-35.726 -54.281 -89.976
weapon_frag	1246.822144 1473.451050 -253.937103	-35.245 -54.913 -89.257
player_start	3966.659912 -35.420158 -1279.416260	-0.015 -0.000 0.024
player_start	3969.511475 514.642517 -1279.453735	-0.065 -0.000 0.065
player_start	3731.294678 539.014954 -1279.419678	-0.021 -0.000 0.026
player_start	3735.839111 -87.214729 -1279.417969	-0.018 -0.000 0.025
player_start	3965.148193 -631.762451 -1279.447632	-0.057 -0.000 0.057
player_start	3969.892090 -2086.494141 -1279.420288	-0.022 -0.000 0.026
player_start	3963.830811 -2622.434326 -1279.468262	-0.082 -0.000 0.082
player_start	3627.750000 -3132.342285 -1279.478271	-0.094 -0.000 0.095
player_start	2992.882813 -3145.528809 -1279.423828	-0.028 -0.000 0.030
player_start	1213.779297 -3141.347168 -1279.464355	-0.078 -0.000 0.078
player_start	500.356384 -3140.497559 -1279.440918	-0.049 -0.000 0.049
player_start	479.971954 -1967.739258 -1279.472534	-0.088 -0.000 0.088
player_start	-222.237747 -1969.067993 -1279.425781	-0.030 -0.000 0.032
player_start	-208.534470 -1688.839722 -1279.474731	-0.090 -0.000 0.090
player_start	483.154266 -1019.061218 -1279.443481	-0.052 -0.000 0.053
player_start	1015.857605 -937.956787 -1279.453735	-0.065 -0.000 0.065
player_start	1742.674805 -114.064690 -1279.460571	-0.073 -0.000 0.073
player_start	1678.989746 -392.716766 -1279.446899	-0.056 -0.000 0.057
player_start	1371.364014 -419.045166 -1279.446167	-0.056 -0.000 0.056
player_start	1827.600586 -1880.383179 -1279.467285	-0.081 -0.000 0.081
player_start	1816.251831 -1531.918579 -1279.446899	-0.056 -0.000 0.057
player_start	1423.947021 -1489.493652 -1279.433716	-0.040 -0.000 0.041
player_start	2166.993164 -313.128815 -1279.430298	-0.036 -0.000 0.037
player_start	2171.621338 358.926025 -1279.456177	-0.068 -0.000 0.068
player_start	2167.826904 -1614.333618 -1279.420532	-0.023 -0.000 0.026
player_start	2158.973633 -2254.606445 -1279.454468	-0.066 -0.000 0.066
player_start	2164.994629 1499.380371 -1279.464355	-0.078 -0.000 0.078
player_start	2400.290527 2112.157715 -1279.418823	-0.019 0.000 -0.026
player_start	3002.462402 2170.427979 -1279.430786	-0.037 -0.000 0.037
player_start	3795.366211 2181.502686 -1279.420532	0.024 0.000 0.025
player_start	3345.637939 1763.259644 -1279.428101	-0.033 -0.000 0.034
player_start	2899.091797 1772.181519 -1279.470337	-0.085 -0.000 0.085
player_start	3140.918213 1336.080322 -1279.458252	-0.092 -0.000 0.092
player_start	2878.573486 326.412720 -1279.447632	-0.057 -0.000 0.057
player_start	3435.757324 -1478.817871 -1279.459595	-0.072 -0.000 0.072
player_start	3452.140381 -1842.210938 -1279.442871	-0.051 -0.000 0.052
player_start	1251.256470 1844.093506 -1279.440918	-0.049 -0.000 0.049
player_start	1206.083130 2569.503906 -1279.443481	-0.052 -0.000 0.053
player_start	-95.347565 2681.964111 -1327.439209	-0.047 -0.000 0.048
player_start	-128.972153 2368.250000 -1327.440308	-0.048 -0.000 0.049
player_start	-135.216858 2070.910889 -1327.459717	-0.072 -0.000 0.072
player_start	488.382874 2097.072021 -1279.460571	0.073 0.000 0.073
player_start	787.995544 2594.982910 -1279.432251	-0.038 -0.000 0.039
player_start	397.215912 1122.527588 -1279.457886	-0.070 -0.000 0.070
player_start	885.257568 1133.057251 -1279.429443	-0.035 -0.000 0.036
player_start	624.637146 1327.819214 -1279.439209	-0.047 -0.000 0.047
player_start	-745.931030 1120.771606 -1191.450562	-0.061 -0.000 0.061
player_start	-388.283112 951.526978 -255.416138	-0.003 -0.000 0.035
player_start	-608.603210 943.737793 -255.451263	-0.062 -0.000 0.062
player_start	-725.382324 1025.301636 -255.474701	-0.090 -0.000 0.090
player_start	-753.417725 1211.745850 -255.428955	-0.033 -0.000 0.037
player_start	-626.379150 1338.931396 -255.456955	-0.069 -0.000 0.069
player_start	-397.621521 1341.936646 -255.457825	-0.070 -0.000 0.070
player_start	-264.907013 1209.841797 -255.456100	-0.068 -0.000 0.068
player_start	-267.153137 1054.909180 -255.466217	-0.080 -0.000 0.080
player_start	946.980957 1180.443970 -255.424545	-0.026 -0.000 0.033
player_start	959.054626 1106.317871 -255.463287	-0.076 -0.000 0.077
player_start	440.364746 1110.172607 -255.461411	-0.074 -0.000 0.074
player_start	-1252.034668 1116.423462 -255.465240	0.079 0.000 0.079
player_start	-513.746338 288.361267 -255.442154	-0.050 -0.000 0.051
player_start	-518.780273 -113.710976 -255.428955	-0.033 -0.000 0.037
player_start	-513.618225 -1110.669678 -255.449738	-0.060 -0.000 0.060
player_start	-515.143311 -1407.738281 -255.454437	-0.066 -0.000 0.066
player_start	-252.068924 -2160.190918 -255.472488	-0.088 -0.000 0.088
player_start	-230.305801 -2386.309326 -255.461411	-0.074 -0.000 0.074
player_start	-381.434540 -2039.339966 -255.463287	-0.076 -0.000 0.077
player_start	-645.839844 -2048.288330 -255.467224	-0.081 -0.000 0.081
player_start	-779.368164 -2157.552490 -255.431213	-0.037 -0.000 0.038
player_start	-774.488647 -2420.929443 -255.452042	-0.063 -0.000 0.063
player_start	-670.165466 -2533.576416 -255.423111	-0.026 -0.000 0.029
player_start	-342.559601 -2509.283936 -255.443436	-0.052 -0.000 0.053
player_start	-1696.576294 -2278.137695 -255.465347	0.006 0.000 0.006
player_start	-1529.570190 -2270.481934 -255.507477	-0.011 -0.000 0.011
player_start	-302.627441 -3127.659668 -255.441635	0.013 -0.026 -0.145
player_start	-570.659668 -3137.055176 -255.438431	0.026 -0.084 0.148
player_start	-195.456467 -3149.288574 -1279.437378	-0.045 -0.000 0.045
player_start	-346.279968 -3146.781250 -1279.438599	-0.046 -0.000 0.047
player_start	3304.452148 2874.467773 -1279.458740	-0.071 -0.000 0.071
player_start	3003.565918 3048.773926 -1279.440918	-0.049 -0.000 0.049
player_start	2273.580811 3754.424561 -1535.479370	-0.096 -0.000 0.096
player_start	2457.585205 3011.209229 -1535.435181	-0.042 -0.000 0.043
player_start	2152.949707 4598.138184 -1535.442871	0.052 0.000 0.052
player_start	2753.500732 3879.893799 -1535.438599	-0.046 -0.000 0.047
player_start	2171.536133 3180.106934 -1535.450562	-0.061 -0.000 0.061
