# morbus weapon/ammo placement overrides - Thank TTT for this lua code
# For map: mor_ptmc_v22
# Exported by: Demonkush ( ͡° ͜ʖ ͡°)
setting:	replacespawns 1
weapon_mor_ump	2106.573486 -2197.785645 40.678917	-0.185 -18.173 88.934
weapon_mor_ump	2356.916748 -2106.066895 40.768677	-0.536 -18.461 88.776
weapon_mor_ump	2411.466797 -2172.929199 40.760517	-0.088 -28.957 89.361
weapon_mor_ump	2410.869141 -2127.377930 40.644878	-0.089 -19.570 88.313
weapon_mor_ump	2467.119873 -225.475113 16.786654	0.257 -30.456 89.351
weapon_mor_ump	2777.481934 264.174561 16.705469	-0.022 -20.207 88.709
weapon_mor_ump	2767.293213 -792.351990 16.779242	-0.561 -18.485 88.823
weapon_mor_ump	3682.871826 -911.617920 16.768059	-0.534 -18.461 88.773
weapon_mor_ump	3464.199951 1058.778809 48.770794	-0.541 -18.466 88.785
weapon_mor_ump	-72.618950 -211.548386 115.565033	3.146 22.832 -97.042
weapon_mor_ump	108.179390 -3705.654785 32.731102	-0.204 -19.337 88.760
weapon_mor_ump	136.051620 -3501.290039 32.773739	-0.548 -18.472 88.798
weapon_mor_ump	-3080.352783 696.824341 84.768768	-0.518 -18.042 89.107
weapon_mor_ka47	2351.615967 -2136.176514 41.707714	-1.081 -27.601 -89.205
weapon_mor_ka47	-445.507385 -3490.731201 17.458773	-0.675 -23.000 -84.592
weapon_mor_ka47	-3709.731689 673.356812 17.461128	-0.680 -23.000 -84.628
weapon_mor_ka47	-3217.636963 -2813.117432 17.465412	-0.689 -23.000 -84.694
weapon_mor_ka47	-247.524643 -262.366760 125.772308	-4.556 -23.356 -97.589
weapon_mor_sc7	1645.406372 -2182.487793 41.285286	0.424 -5.038 86.999
weapon_mor_sc7	1646.818481 -2112.621094 41.294598	0.339 -3.691 87.142
weapon_mor_sc7	169.608444 332.939178 145.746994	0.790 4.933 -80.437
weapon_mor_sc7	131.543839 -3429.795410 33.294537	0.339 -4.824 87.141
weapon_mor_sc7	3620.837402 766.170715 17.301504	0.275 -4.823 87.248
need_piss	-5824.382324 -5554.687988 -163.156799	0.130 94.236 -13.525
need_piss	-5830.902832 -5440.008789 -173.727081	0.065 -0.121 -0.008
need_piss	-5830.055176 -5200.062988 -171.571777	-5.620 0.245 -0.002
need_piss	-5816.314941 -5039.955078 -173.706451	0.000 -0.013 -0.000
need_piss	-5817.323730 -4926.316895 -173.706451	0.000 -0.851 0.000
need_piss	-5822.108398 -4802.992676 -173.800903	-0.076 0.001 0.041
need_piss	-5813.668945 -4687.949707 -171.500244	-0.535 -0.000 0.000
mor_random_ammo	2403.172607 -2255.656494 40.394806	1.259 0.019 1.477
mor_random_ammo	2423.072021 -2255.290771 40.372707	0.109 -0.000 -0.069
mor_random_ammo	2400.758789 -2224.955322 40.387932	0.364 0.002 0.387
mor_random_ammo	2422.533936 -2228.928223 40.327862	0.047 0.000 -0.031
mor_random_ammo	-5888.072754 -364.554626 -191.606476	1.094 -0.015 -1.277
mor_random_ammo	-5618.083984 -112.526894 -191.636505	0.072 -0.000 -0.019
mor_random_ammo	-5618.360352 43.675278 -191.640457	0.064 0.000 0.007
mor_random_ammo	-5572.554688 -2610.203613 -191.672134	0.047 0.000 -0.031
mor_random_ammo	-5548.451172 -2316.370117 -191.558609	1.199 0.030 1.457
mor_random_ammo	-5095.339355 -2258.882324 -191.650955	0.051 0.000 -0.014
mor_random_ammo	-5145.956055 -2534.686035 -191.667175	0.047 0.000 -0.028
mor_random_ammo	-5713.087402 -2260.515137 -191.674683	0.047 0.000 -0.032
mor_random_ammo	-5597.037109 -2185.267334 -191.648788	0.053 0.000 -0.011
mor_random_ammo	-6201.399414 -5062.897949 -191.652390	-0.050 -0.000 -0.017
mor_random_ammo	-6211.609863 -5030.343262 -191.666443	-0.047 -0.000 -0.028
mor_random_ammo	-2030.122070 -106.586723 16.344608	0.049 -0.000 0.019
mor_random_ammo	-1226.564087 -2158.600098 16.346834	0.050 0.000 -0.017
weapon_mor_r22	1906.410400 -2206.390869 41.547409	-1.337 -1.029 86.723
weapon_mor_r22	1901.507813 -2168.330322 41.600624	-1.291 -1.052 87.773
weapon_mor_r22	2160.861084 -2180.241455 41.593575	-1.297 -1.048 87.633
weapon_mor_r22	3410.213379 1037.547852 49.575809	-1.313 -1.041 87.282
weapon_mor_r22	3607.122070 -31.933472 17.619925	-1.272 -1.100 89.479
weapon_mor_r22	117.081108 -3481.659668 33.592030	-1.299 -1.048 87.603
weapon_mor_r22	-2924.692383 960.059631 17.608320	-1.285 -1.055 87.925
weapon_mor_r22	-3889.620605 859.069458 85.562279	-1.185 -0.816 88.309
weapon_mor_r22	-5702.103516 -27.071680 -190.457962	-1.345 -1.226 86.605
weapon_mor_vek	1896.252686 -2133.886963 41.105206	0.454 -3.091 88.636
weapon_mor_vek	2402.076416 -2203.232178 41.104824	0.460 -3.091 88.630
weapon_mor_vek	1585.795532 -2157.130615 40.984062	-0.017 -4.587 87.118
weapon_mor_vek	2349.986816 -2200.035889 41.099339	0.540 -3.088 88.551
weapon_mor_vek	2678.000732 -356.708588 17.068144	0.282 -3.120 87.972
weapon_mor_vek	892.228210 29.783573 17.099339	0.540 -3.088 88.551
weapon_mor_vek	3494.744141 1048.334961 49.114624	0.312 -2.701 88.783
weapon_mor_vek	128.213013 -3461.024170 33.100254	0.527 -3.089 88.564
weapon_mor_vek	-2987.700928 681.575745 17.102425	0.495 -3.090 88.595
weapon_mor_vek	-2141.006592 173.310638 17.105944	0.444 -3.092 88.646
weapon_mor_uzi	1890.490356 -2099.299316 42.037560	0.000 0.000 0.000
weapon_mor_uzi	1985.523926 409.620483 18.037560	0.000 0.000 0.000
weapon_mor_uzi	111.499146 -3616.411865 34.037560	0.000 0.000 0.000
weapon_mor_lz400	1572.518799 -2218.726074 40.533997	-1.888 6.903 86.126
weapon_mor_lz400	3178.666748 -1690.977661 224.487473	-2.382 -18.123 85.795
weapon_mor_lz400	3789.760986 1346.939331 16.493849	-2.350 -18.119 85.784
weapon_mor_lz400	-4003.660889 5.699297 16.495323	-2.343 -18.119 85.782
item_ammo_smg1_mor	1856.709106 -2233.626953 40.477177	0.551 -0.083 0.246
item_ammo_smg1_mor	1833.117676 -2232.066895 40.417973	0.379 -0.005 0.243
item_ammo_smg1_mor	1851.045532 -2209.031494 40.479797	0.209 0.000 0.021
item_ammo_smg1_mor	1832.528076 -2210.788330 40.519157	-0.252 0.014 -0.213
item_ammo_smg1_mor	1853.962280 -2185.277100 40.475643	0.561 -0.068 0.257
item_ammo_smg1_mor	1833.926025 -2182.197021 40.498981	-0.837 0.011 -0.621
item_ammo_smg1_mor	1887.234497 -2114.650391 40.477150	0.503 -0.001 0.220
item_ammo_smg1_mor	1906.132324 -2115.982910 40.509583	-0.363 0.011 -0.298
item_ammo_smg1_mor	2106.128662 -2097.232178 40.406559	-0.212 0.005 0.131
item_ammo_smg1_mor	2088.580811 -2095.629150 40.430599	-0.757 0.002 0.496
item_ammo_smg1_mor	2113.831055 -2119.075195 40.426334	0.401 -0.218 0.248
item_ammo_smg1_mor	2094.541748 -2118.593994 40.530434	0.175 -0.017 -0.152
item_ammo_smg1_mor	2111.353271 -2257.596436 40.477600	0.548 -0.083 0.243
item_ammo_smg1_mor	2088.120605 -2257.746338 40.497875	-0.865 -0.012 -0.646
item_ammo_smg1_mor	2400.079834 -2154.532959 40.406559	0.214 -0.005 0.132
item_ammo_smg1_mor	2421.177490 -2152.207275 40.437057	1.105 0.002 0.728
item_ammo_smg1_mor	2400.877686 -2093.615234 40.475788	0.560 -0.014 0.250
item_ammo_smg1_mor	2418.921875 -2096.383301 40.417973	0.379 -0.005 0.243
item_ammo_smg1_mor	2709.533203 112.903595 16.406557	0.214 -0.005 0.132
item_ammo_smg1_mor	2733.008301 111.740700 16.428568	0.670 -0.003 0.437
item_ammo_smg1_mor	2911.525635 -218.863159 16.428568	0.675 -0.003 0.441
item_ammo_smg1_mor	2883.376465 -218.148071 16.415754	0.334 -0.005 0.213
item_ammo_smg1_mor	2659.165039 -351.934784 16.477287	-0.550 0.083 0.245
item_ammo_smg1_mor	2712.587646 -349.325012 16.477316	0.550 -0.083 0.245
item_ammo_smg1_mor	2932.776855 -854.931091 16.422302	0.477 -0.004 0.308
item_ammo_smg1_mor	2962.816406 -824.756409 16.391678	0.110 -0.005 0.061
item_ammo_smg1_mor	911.349121 3.111070 16.480644	-0.214 -0.001 0.022
item_ammo_smg1_mor	892.049011 5.051506 16.424423	-0.535 0.004 0.347
item_ammo_smg1_mor	3674.175781 -976.748962 16.476713	0.553 -0.014 0.243
item_ammo_smg1_mor	3654.147461 -984.415039 16.408909	0.240 -0.005 0.149
item_ammo_smg1_mor	3404.602539 1067.409058 48.426510	0.591 -0.003 0.385
item_ammo_smg1_mor	3427.142090 1065.773071 48.426510	0.601 -0.003 0.391
item_ammo_smg1_mor	3384.920166 1008.949524 16.482681	-0.380 -0.001 -0.368
item_ammo_smg1_mor	3398.585938 1010.262634 16.406557	0.214 -0.005 0.132
item_ammo_smg1_mor	3580.694336 7.056051 16.430595	0.755 -0.002 0.495
item_ammo_smg1_mor	3616.234375 4.858284 16.396788	0.136 -0.005 0.079
item_ammo_smg1_mor	160.361099 -3681.037598 32.404171	0.189 -0.005 0.115
item_ammo_smg1_mor	160.548676 -3702.286865 32.477245	0.550 -0.083 0.245
item_ammo_smg1_mor	165.831711 -3529.924072 32.401745	0.169 -0.005 0.102
item_ammo_smg1_mor	147.899048 -3529.281738 32.483017	-0.376 -0.001 -0.367
item_ammo_smg1_mor	-3014.415771 673.266907 16.420153	-0.424 0.004 0.273
item_ammo_smg1_mor	-2925.835205 997.957092 16.473448	-0.118 0.002 0.247
item_ammo_smg1_mor	-2908.426025 997.971497 16.505255	0.264 -0.033 -0.225
item_ammo_smg1_mor	-3912.276611 884.383423 84.480690	-0.090 -0.002 -0.174
item_ammo_smg1_mor	-3890.723633 883.585754 84.514008	-0.273 0.013 -0.230
item_ammo_smg1_mor	-6349.200684 300.921631 -191.499207	0.826 -0.012 -0.619
item_ammo_smg1_mor	-5684.239258 -77.407272 -191.502106	-0.865 -0.013 -0.646
item_ammo_smg1_mor	-5688.009766 19.615360 -191.522003	-0.545 0.083 0.239
item_ammo_smg1_mor	-2158.444824 203.994019 16.399286	0.152 -0.005 0.090
item_ammo_smg1_mor	-2141.728516 209.186707 16.514563	-0.280 0.012 -0.240
item_ammo_smg1_mor	-3882.112305 -2708.517090 -191.521317	0.506 -0.001 0.217
item_ammo_smg1_mor	-3897.030518 -2708.494141 -191.515350	-0.795 0.003 -0.643
item_ammo_smg1_mor	-2460.914063 -76.422356 16.389065	0.098 -0.005 0.054
item_ammo_smg1_mor	-2485.028320 -74.701012 16.420153	0.425 -0.004 0.274
mor_random_rifle	2353.511230 -2213.049561 40.852188	2.045 -3.662 83.706
mor_random_rifle	-3889.885986 173.127411 -191.137192	2.136 -5.697 83.914
mor_random_rifle	-6102.888184 -5298.919922 -191.011795	2.021 -36.160 85.226
weapon_mor_p229	2096.658447 -2168.373047 40.181084	36.565 0.389 0.047
weapon_mor_p229	2438.000977 -482.779297 16.166677	36.760 0.400 0.066
weapon_mor_p229	2470.127197 -315.262268 16.168139	36.741 0.399 0.064
weapon_mor_p229	2463.074951 -275.358948 16.170929	36.703 0.397 0.060
weapon_mor_p229	2893.437988 266.323151 16.180553	36.572 0.390 0.047
weapon_mor_p229	996.022278 -164.480011 16.191259	36.426 0.381 0.033
weapon_mor_p229	3566.429443 1057.928467 48.176033	36.633 0.393 0.053
weapon_mor_p229	-292.339996 -305.346252 131.386520	-7.024 -35.751 -98.043
weapon_mor_p229	133.600998 -3751.667236 32.173557	36.667 0.395 0.057
weapon_mor_p229	108.967552 -3685.980957 32.175426	36.641 0.393 0.054
weapon_mor_p229	141.161438 -3661.824707 32.167412	36.750 0.400 0.065
weapon_mor_p229	-2715.252441 -2793.522461 16.175428	36.641 0.393 0.054
weapon_mor_p229	-3117.682617 964.458679 16.176628	36.625 0.392 0.053
weapon_mor_p229	-3102.785156 988.531128 16.185490	36.505 0.385 0.041
info_alien_spawn	-497.253632 -238.900314 352.551575	0.051 0.048 0.142
info_alien_spawn	-421.198395 -266.029602 352.556732	-0.042 -0.000 0.042
info_alien_spawn	-460.463104 -170.034683 352.519806	-0.078 -0.000 0.078
info_alien_spawn	-399.415344 -195.015259 352.515442	0.028 -0.000 -0.028
info_alien_spawn	-535.440308 -108.278961 216.548965	-0.050 0.000 -0.050
info_alien_spawn	-459.671600 -62.042969 216.544144	-0.054 -0.000 0.055
info_alien_spawn	-567.952026 -27.567413 216.557602	-0.001 0.047 -0.133
info_alien_spawn	-480.300476 18.145824 216.556671	-0.025 -0.007 -0.112
info_alien_spawn	-1255.889404 -580.829651 352.565979	-0.033 0.000 -0.033
info_alien_spawn	-1185.365967 -544.440247 352.563110	-0.043 0.070 0.122
info_alien_spawn	-1289.915894 -512.005127 352.542328	0.113 -0.001 -0.283
info_alien_spawn	-1236.539673 -473.096863 352.529144	-0.002 0.114 -0.223
info_alien_spawn	3070.826172 803.595764 224.489532	-0.044 -0.000 0.044
info_alien_spawn	3066.551514 886.054810 224.514511	-0.034 -0.000 0.034
info_alien_spawn	3068.568359 972.757751 224.494415	-0.042 -0.000 0.042
info_alien_spawn	3070.713867 1316.035522 224.517059	-0.033 -0.000 0.033
info_alien_spawn	3070.240967 1221.185669 224.484421	-0.046 -0.000 0.046
info_alien_spawn	3071.167969 1138.113647 224.534744	-0.224 -0.096 0.029
info_alien_spawn	-3950.015381 -3513.766357 16.502073	0.039 0.000 0.039
info_alien_spawn	-3952.330322 -3579.850342 16.551775	-0.019 -0.000 0.019
info_alien_spawn	-3954.427490 -3660.223633 16.506416	-0.038 -0.000 0.038
info_alien_spawn	-3956.678955 -4009.701172 16.499086	-0.041 -0.000 0.041
info_alien_spawn	-3956.937744 -3923.413818 16.535801	-0.026 -0.000 0.026
info_alien_spawn	-3955.394043 -3857.396240 16.538637	-0.025 -0.000 0.025
info_alien_spawn	-4742.163574 -4676.584473 16.509197	-0.037 -0.000 0.037
info_alien_spawn	-4739.781738 -4580.213379 16.504995	-0.038 -0.000 0.038
info_alien_spawn	-4737.289063 -4507.697754 16.556299	-0.060 0.147 0.122
info_alien_spawn	-4745.583984 -4189.589355 16.495985	0.042 0.000 0.042
info_alien_spawn	-4739.613770 -4280.310547 16.518293	-0.033 -0.000 0.033
info_alien_spawn	-4741.735352 -4355.071777 16.517508	0.013 -0.133 0.189
info_alien_spawn	-5471.417969 -5147.131836 16.517052	-0.033 -0.000 0.033
info_alien_spawn	-5471.271973 -5049.114258 16.526468	0.030 0.000 0.030
info_alien_spawn	-5471.073242 -4975.992676 16.511602	0.234 0.057 -0.070
info_alien_spawn	-5470.371094 -4646.110840 16.529718	0.028 0.000 0.028
info_alien_spawn	-5472.903809 -4735.307129 16.525358	-0.030 -0.000 0.030
info_alien_spawn	-5472.496582 -4816.556641 16.499063	0.059 -0.024 0.163
mor_random_weapon	201.430832 397.360199 25.211590	1.745 4.927 -92.896
mor_random_weapon	-4017.462646 627.861267 25.215752	1.698 4.925 -93.004
mor_random_weapon	2740.498291 -2243.826660 17.199184	1.884 4.716 -92.576
mor_random_weapon	2460.958496 -664.721191 221.218842	1.663 4.765 -93.084
mor_random_weapon	-597.087402 -3698.842285 17.204107	1.829 4.713 -92.703
mor_random_weapon	-4599.601563 -1967.063843 -350.788574	1.747 4.706 -92.892
mor_random_weapon	-2802.445801 -2123.863525 17.204107	1.829 4.713 -92.703
item_ammo_battery_mor	2466.531250 -179.459625 22.101748	0.023 -0.095 0.191
item_ammo_battery_mor	1128.054077 202.999924 22.064045	0.032 -0.092 0.258
item_ammo_battery_mor	3711.979736 -669.380554 230.100128	0.024 -0.095 0.194
item_ammo_battery_mor	216.955826 425.719543 150.095139	0.015 -0.087 0.195
item_ammo_battery_mor	-3904.873047 983.205017 22.159878	0.011 -0.096 0.087
item_ammo_battery_mor	125.626854 -3734.204590 38.074566	0.029 -0.094 0.240
item_ammo_battery_mor	155.896942 -3730.323486 38.106483	0.022 -0.096 0.183
item_ammo_battery_mor	-1435.376953 174.857697 73.731987	0.025 -0.096 0.226
item_ammo_battery_mor	3039.360596 -651.196594 22.089828	0.026 -0.095 0.212
item_ammo_battery_mor	2683.166992 -537.424988 22.052698	0.034 -0.090 0.279
item_ammo_battery_mor	3605.245117 1043.870972 54.157928	0.253 -0.581 2.011
item_ammo_battery_mor	-5766.153809 -4687.919434 -92.229889	0.019 0.168 -0.322
item_ammo_battery_mor	-5769.428711 -4681.681641 -92.210159	0.106 0.068 0.469
item_ammo_battery_mor	-6167.297363 -5046.930176 -185.938156	0.032 -0.093 0.262
item_ammo_battery_mor	-5562.662109 -2143.500488 -134.269928	0.025 -0.096 0.229
item_ammo_battery_mor	-4749.502930 -1880.138794 -49.858295	-0.003 -0.078 0.101
item_ammo_battery_mor	-4740.743164 -3284.185791 -185.921448	0.029 -0.094 0.232
item_ammo_battery_mor	-5111.686523 -2509.057373 -185.923431	0.029 -0.094 0.236
item_ammo_battery_mor	-3958.635010 -90.310875 -49.903427	-0.005 -0.039 -0.158
item_ammo_battery_mor	-3896.441650 -81.075691 22.140684	0.015 -0.096 0.121
item_ammo_battery_mor	-3960.026123 -108.016678 90.059631	-0.008 -0.075 0.224
item_ammo_battery_mor	-2741.454834 952.312134 90.050346	-0.008 -0.073 0.238
item_ammo_battery_mor	-3928.766846 592.335938 22.086184	0.027 -0.094 0.219
item_ammo_battery_mor	-4939.291504 -655.672119 -185.908401	0.026 -0.095 0.209
item_ammo_battery_mor	-3786.395020 -2930.761719 22.113913	0.021 -0.096 0.169
item_ammo_battery_mor	-1134.792603 -2817.026367 22.061844	0.032 -0.093 0.262
item_ammo_battery_mor	1572.629272 -2260.039551 46.104881	0.030 -0.100 0.254
item_ammo_battery_mor	2357.575928 -2094.289063 46.057343	0.033 -0.090 0.270
item_ammo_battery_mor	1651.674438 -2095.358887 46.128410	0.018 -0.096 0.143
item_ammo_battery_mor	1579.701416 -2196.813965 46.052700	0.034 -0.090 0.279
item_ammo_battery_mor	1570.715942 -2236.388672 46.082565	-0.259 -0.004 -0.298
item_ammo_battery_mor	-4478.160645 185.330093 22.032660	0.039 -0.082 0.314
item_ammo_battery_mor	-5438.413086 -1695.026123 -185.952087	0.035 -0.090 0.287
item_ammo_battery_mor	-5816.039063 -5193.223633 -190.253387	0.257 -111.778 -89.476
item_ammo_battery_mor	-5508.088379 -5278.961914 -185.891983	0.022 -0.095 0.180
item_ammo_buckshot_mor	1631.596680 -2245.308105 40.371731	0.766 -0.119 -0.531
item_ammo_buckshot_mor	1632.720825 -2225.154785 40.380283	-0.046 0.002 0.123
item_ammo_buckshot_mor	1854.866089 -2260.283203 40.341080	0.530 0.003 -0.419
item_ammo_buckshot_mor	1830.870850 -2259.924805 40.376881	0.478 0.018 -0.300
item_ammo_buckshot_mor	2646.059814 102.844055 84.344177	0.617 0.003 -0.491
item_ammo_buckshot_mor	2671.245850 104.854767 84.381508	-0.241 0.000 0.282
item_ammo_buckshot_mor	3854.778320 877.969910 100.954659	0.551 -0.090 -0.077
item_ammo_buckshot_mor	-2858.223877 590.035461 84.337997	-0.427 0.001 -0.361
item_ammo_buckshot_mor	-5809.737305 -4656.333984 -191.558624	-0.561 -0.007 0.498
item_ammo_buckshot_mor	-2861.250977 -1292.235352 16.375862	0.664 -0.000 -0.449
item_ammo_buckshot_mor	-2846.297363 -1289.499023 16.417904	-0.748 -0.006 0.663
weapon_mor_beretta	2096.057373 -2157.231934 41.544067	86.748 -5.314 -37.286
weapon_mor_beretta	2161.183594 -2123.992188 41.539642	87.151 -9.827 -41.778
weapon_mor_beretta	2160.781250 -2151.120117 41.546097	86.557 -3.586 -35.566
weapon_mor_beretta	2476.950928 -249.491455 17.542662	86.879 -6.634 -38.593
weapon_mor_beretta	3530.715088 1042.446411 49.544067	86.748 -5.314 -37.286
weapon_mor_beretta	139.825943 -3716.187256 33.536076	87.454 -14.385 -46.331
weapon_mor_beretta	110.604408 -3731.508545 33.541740	86.963 -7.550 -39.506
weapon_mor_beretta	-3091.824707 592.714600 17.538530	87.247 -11.145 -43.092
weapon_mor_mars	2020.620483 328.619629 85.072029	-0.465 23.345 85.626
weapon_mor_mars	40.390358 323.949127 17.135237	-0.379 17.410 87.122
weapon_mor_mars	-6211.145020 -197.559296 -190.876984	-0.398 14.618 86.851
weapon_mor_mars	-6071.951660 -5412.865723 -190.867813	-0.384 17.409 87.049
weapon_mor_mars	-5077.818359 -3183.429443 -238.916306	-0.450 19.347 85.901
weapon_mor_mars	-4839.830566 -72.001801 -190.882614	-0.404 17.406 86.698
weapon_mor_mars	-4119.627930 -2941.582520 -122.910980	-0.442 23.338 86.027
weapon_mor_gr4	1643.417603 -2164.424316 40.711472	-0.629 2.378 88.061
weapon_mor_gr4	2088.622803 -2225.084473 41.429119	-1.030 -3.625 -82.213
weapon_mor_gr4	2975.061768 -700.580444 16.693537	-0.542 1.159 85.699
weapon_mor_gr4	-3208.135742 -13.501390 16.815851	-0.478 4.626 87.404
weapon_mor_gr4	-1002.622803 112.046852 -6.155152	-2.542 -7.307 -86.222
need_food	3426.441162 1303.345459 34.290070	0.002 90.273 0.005
need_food	3523.246826 1302.054565 34.287636	-0.001 87.636 0.006
need_food	3620.262939 1295.920166 34.223965	0.171 90.251 -0.002
need_food	3717.442627 1299.510254 34.279633	0.014 95.445 0.010
need_wash	-5968.781738 -105.181396 -173.733398	-0.075 -88.973 0.005
need_wash	-6274.334961 -104.950661 -161.843948	0.000 89.616 180.000
need_wash	-6123.598633 -105.667725 -173.715576	0.052 -91.997 -0.037
need_wash	-6122.031738 44.004871 -173.770615	-0.155 88.324 -0.000
need_wash	-6252.345703 42.166805 -173.723892	-0.000 89.354 -0.021
need_wash	-5965.312988 44.117573 -173.756134	-0.072 89.639 -0.096
need_bed	-195.135269 -3458.193359 80.284355	-0.405 180.000 -170.749
need_bed	-300.633057 -3464.775146 65.371155	1.212 7.103 -16.052
need_bed	-559.720398 -3463.786377 71.231926	73.101 -91.313 -90.660
need_bed	-429.198303 -3701.600098 65.551491	0.000 -0.146 16.806
need_bed	-302.835602 -3706.820557 70.700073	-74.047 -89.835 90.398
need_bed	-181.326248 -3704.247070 65.542244	0.834 -4.714 15.066
need_bed	-542.107910 -3694.020996 67.321831	-2.765 8.270 17.754
weapon_glowstick	1588.165039 -2113.764160 46.998615	-0.463 0.861 -0.101
weapon_glowstick	1572.123901 -2123.165283 46.988987	-0.507 0.853 -0.111
weapon_glowstick	2359.629150 -2182.470215 46.998615	-0.463 0.861 -0.101
weapon_glowstick	2756.018311 -2158.241943 22.985575	-0.522 0.844 -0.115
weapon_glowstick	1572.981079 -1879.845581 22.992292	-0.492 0.854 -0.108
weapon_glowstick	2894.949463 -267.206879 90.997169	-0.393 0.663 -0.087
weapon_glowstick	2642.439697 -165.801102 22.970852	-0.589 0.831 -0.129
weapon_glowstick	2190.021484 298.374176 22.987293	-0.514 0.844 -0.113
weapon_glowstick	2522.360107 -700.761169 90.974846	-0.479 0.638 -0.105
weapon_glowstick	3842.906494 1360.548828 22.992292	-0.492 0.854 -0.108
weapon_glowstick	3637.354736 1067.488525 55.070431	0.243 -0.113 1.772
weapon_glowstick	3449.062256 1071.892090 55.019176	-0.369 0.874 -0.081
weapon_glowstick	3856.512939 716.075378 107.557098	0.433 -0.535 2.551
weapon_glowstick	3434.236816 -759.865967 22.940359	-0.728 0.768 -0.160
weapon_glowstick	-1123.649536 -619.968994 79.031395	2.600 0.068 1.858
weapon_glowstick	-614.099121 -676.931030 134.990219	0.310 -0.893 0.423
weapon_glowstick	146.555344 -3648.236084 38.983368	0.330 -0.889 0.449
weapon_glowstick	88.780449 -3756.271240 18.148928	-18.408 -76.401 90.011
weapon_glowstick	-3301.708008 947.872009 91.027893	0.565 -0.071 3.794
weapon_glowstick	-4148.437988 -120.260826 -117.064323	-0.629 0.581 -0.138
weapon_glowstick	-6489.758301 309.479767 -185.007462	-0.512 0.904 -0.118
weapon_glowstick	-5910.401855 -39.153774 -57.011013	-0.507 0.853 -0.111
weapon_glowstick	-5894.009277 -2708.909180 -116.998276	-0.376 0.662 -0.083
weapon_glowstick	-4699.301270 -2171.957764 -185.006104	-0.484 0.854 -0.106
weapon_glowstick	-4843.533691 -2910.114258 -57.033550	-0.576 0.755 -0.115
weapon_glowstick	-5767.823242 -5436.650391 -91.225914	3.251 0.450 1.372
weapon_glowstick	-1928.896484 -122.429840 150.988403	-0.171 0.963 -0.465
weapon_glowstick	-818.445801 -1961.214722 134.966888	-0.607 0.816 -0.133
weapon_glowstick	-2923.629883 -1326.840332 14.946959	-0.660 0.710 -0.131
weapon_glowstick	-4165.466309 -2958.018066 22.995501	-0.477 0.854 -0.105
weapon_glowstick	107.626709 361.666962 22.983831	-0.530 0.845 -0.116
weapon_glowstick	-380.269257 -147.098892 102.979874	-0.519 0.781 -0.103
weapon_glowstick	-5682.144531 -49.859177 -185.036896	-0.652 0.866 -0.150
weapon_glowstick	-5066.998535 -2363.989502 -185.016174	-0.530 0.845 -0.116
weapon_glowstick	-2619.021484 577.873230 22.978437	-0.555 0.832 -0.122
weapon_glowstick	-5933.100098 -3669.389648 -185.012711	-0.514 0.844 -0.113
weapon_glowstick	1694.751709 -1616.353027 22.945124	-0.707 0.765 -0.155
weapon_glowstick	-5597.503418 -2316.235596 -345.009338	-0.499 0.854 -0.109
weapon_mor_zx9	1572.787598 -2176.617432 45.148312	-2.483 -3.208 0.583
weapon_mor_zx9	3624.325928 1106.867676 21.034353	-2.789 -0.952 0.396
weapon_mor_zx9	-2759.516113 823.514709 149.005997	-2.820 -0.794 0.505
weapon_mor_m418	1643.883423 -2139.617676 41.228729	1.540 -11.271 83.098
weapon_mor_m418	-931.388794 -2852.849365 17.228704	1.540 -11.288 83.098
weapon_mor_blaster	2477.840332 -170.427002 16.827387	2.213 -18.357 -83.856
weapon_mor_blaster	3696.678711 -680.375916 224.973648	2.401 -24.581 -85.317
weapon_mor_blaster	235.187836 384.748077 188.511246	2.226 -18.489 -84.207
weapon_mor_blaster	-290.016205 -418.280334 128.888901	2.237 -18.491 -84.487
weapon_mor_blaster	-3910.930664 968.214233 16.864855	2.227 -18.491 -84.240
weapon_mor_blaster	-300.345276 -3429.053467 16.851212	2.222 -18.469 -84.100
weapon_mor_blaster	-4736.075684 -1859.472900 -55.029453	1.937 -20.588 -85.905
weapon_mor_scarm8	1639.668091 -2259.161621 41.241009	0.434 8.078 84.556
weapon_mor_scarm8	2639.328369 86.568878 85.265434	0.289 8.490 85.127
weapon_mor_scarm8	3844.808105 891.464966 101.587067	-0.834 -7.952 -89.437
weapon_mor_scarm8	-2834.923584 611.145081 85.224373	0.450 8.377 84.278
weapon_mor_scarm8	-5822.051270 -4682.362305 -190.481201	0.577 -39.514 88.690
weapon_mor_scarm8	-2857.780518 -1315.836304 17.248743	0.356 9.321 84.780
item_ammo_pistol_mor	1887.539307 -2255.059082 40.399742	-0.086 -0.020 -0.026
item_ammo_pistol_mor	1905.568604 -2253.927002 40.362782	-0.119 -0.019 -0.036
item_ammo_pistol_mor	1890.675659 -2229.934326 40.372673	-0.110 -0.020 -0.033
item_ammo_pistol_mor	1901.962158 -2228.772217 40.360710	-0.121 -0.019 -0.037
item_ammo_pistol_mor	2147.123779 -2258.000977 40.356476	-0.124 -0.019 -0.038
item_ammo_pistol_mor	2163.097168 -2257.779053 40.325600	-0.151 -0.018 -0.046
item_ammo_pistol_mor	2146.638916 -2234.015137 40.391972	-0.093 -0.020 -0.028
item_ammo_pistol_mor	2167.273438 -2234.835205 40.366825	-0.115 -0.019 -0.035
item_ammo_pistol_mor	2144.881104 -2096.457275 40.390347	-0.095 -0.020 -0.029
item_ammo_pistol_mor	2168.199219 -2097.894287 40.378258	-0.105 -0.020 -0.032
item_ammo_pistol_mor	2456.775635 -458.561218 16.370750	-0.112 -0.020 -0.034
item_ammo_pistol_mor	2472.547607 -462.758545 16.376423	-0.107 -0.020 -0.032
item_ammo_pistol_mor	2921.575928 161.714874 16.347610	-0.132 -0.019 -0.040
item_ammo_pistol_mor	2899.615967 164.310104 16.330751	-0.147 -0.018 -0.044
item_ammo_pistol_mor	1959.558472 459.340790 16.438543	0.660 -0.956 0.196
item_ammo_pistol_mor	1965.561646 476.581757 16.453468	1.520 1.594 0.198
item_ammo_pistol_mor	937.021790 -175.208069 16.347610	-0.132 -0.019 -0.040
item_ammo_pistol_mor	949.395203 -172.125626 16.385323	-0.099 -0.020 -0.030
item_ammo_pistol_mor	652.382690 212.563019 16.335751	-0.142 -0.019 -0.043
item_ammo_pistol_mor	663.396790 211.637619 16.383595	-0.101 -0.020 -0.030
item_ammo_pistol_mor	3645.809814 1013.125305 16.396704	-0.089 -0.020 -0.027
item_ammo_pistol_mor	3656.521973 1011.512512 16.396704	-0.089 -0.020 -0.027
item_ammo_pistol_mor	3631.718506 1014.172974 16.366825	-0.115 -0.019 -0.035
item_ammo_pistol_mor	3618.510742 1012.871155 16.335752	-0.142 -0.019 -0.043
item_ammo_pistol_mor	168.126266 -3610.415527 32.430759	0.456 -0.305 -0.162
item_ammo_pistol_mor	151.082977 -3609.107910 32.373737	0.312 -0.055 -0.027
item_ammo_pistol_mor	-3098.040039 945.433716 16.376423	-0.107 -0.020 -0.032
item_ammo_pistol_mor	-3231.054688 981.206299 16.366825	-0.115 -0.019 -0.035
item_ammo_pistol_mor	-3206.117920 979.491699 16.340603	-0.138 -0.019 -0.042
item_ammo_pistol_mor	-3080.293701 574.054260 16.328194	-0.149 -0.018 -0.045
item_ammo_pistol_mor	-5846.056152 -2384.598633 -351.654694	-0.134 -0.019 -0.041
item_ammo_pistol_mor	-5831.534180 -2389.771729 -351.593048	-0.080 -0.020 -0.024
weapon_mor_m20	1787.867676 -958.761841 18.701752	3.598 -11.175 -84.133
weapon_mor_m20	3453.703613 668.746948 18.688696	3.649 -11.161 -83.870
weapon_mor_m20	-2621.021484 656.237976 18.693161	3.632 -11.166 -83.960
weapon_mor_m20	-4664.216309 -1895.072754 -189.303757	3.620 -11.169 -84.022
weapon_mor_m20	-1884.116943 -132.435196 146.721039	3.522 -11.691 -84.523
weapon_mor_medkit	1594.284668 -2135.493408 40.484428	-0.781 -0.274 0.041
weapon_mor_medkit	2343.848145 -2231.624512 40.480762	-0.867 -0.264 0.030
weapon_mor_medkit	1639.602417 -2326.304688 16.490580	-0.322 -0.708 0.274
weapon_mor_medkit	2892.185059 -1612.083374 16.478832	0.887 0.041 0.873
weapon_mor_medkit	2720.251221 -522.217834 152.443176	-1.508 2.185 0.102
weapon_mor_medkit	3857.485840 1346.220703 16.484148	-0.788 -0.274 0.040
weapon_mor_medkit	3467.902588 1068.117310 48.502872	-0.347 -0.132 0.098
weapon_mor_medkit	103.880142 -3441.995850 32.485512	-0.756 -0.277 0.044
weapon_mor_medkit	-3773.020996 704.290894 84.460854	-0.350 1.297 -0.354
weapon_mor_medkit	-3866.742676 126.824257 -191.519577	-0.875 -0.264 0.028
weapon_mor_medkit	-6468.984375 -31.178249 -191.504440	-0.584 -1.148 0.025
weapon_mor_medkit	-4739.312988 -3333.512939 -191.511398	-0.683 -0.282 0.054
weapon_mor_medkit	-5769.453613 -4800.248047 -97.813934	-0.346 0.794 0.298
mor_random_pistol	-6390.244141 291.629639 -191.163071	3.345 -16.487 -83.478
mor_random_pistol	-6416.141602 307.510803 -191.161057	3.329 -16.507 -83.505
mor_random_pistol	-6428.396484 273.950409 -191.144241	3.194 -16.536 -83.738
mor_random_pistol	-6192.792480 -4923.016113 -191.152466	2.221 -18.438 -84.063
mor_random_pistol	-876.934265 -1847.293335 16.839842	2.218 -18.429 -83.984
mor_random_pistol	-861.786438 -1875.186890 16.885094	2.235 -18.491 -84.448
mor_random_pistol	-5699.568359 -2371.645508 -351.150604	2.221 -18.466 -84.082
mor_random_smg	2355.739258 -2159.987549 41.095875	0.285 2.850 -87.311
mor_random_smg	-6463.757324 296.182800 -190.903671	0.208 6.194 -87.152
mor_random_smg	-6210.698730 -5233.501465 -190.906006	0.292 6.175 -87.255
mor_random_smg	-2106.646240 -77.904854 17.093615	0.305 6.174 -87.272
mor_random_smg	-876.679810 -2139.126953 17.093998	0.292 6.175 -87.255
mor_random_smg	-3887.129883 -2684.208252 -190.906433	0.307 6.174 -87.273
mor_random_smg	-2474.058594 8.508999 17.093533	0.308 6.177 -87.275
item_ammo_revolver_mor	1602.008179 -2238.139648 40.330753	-0.147 -0.018 -0.044
item_ammo_revolver_mor	1602.376587 -2260.506348 40.378258	-0.105 -0.020 -0.032
item_ammo_revolver_mor	1592.560181 -2259.939453 40.380066	-0.104 -0.020 -0.031
item_ammo_revolver_mor	1591.957031 -2238.194336 40.335754	-0.142 -0.019 -0.043
item_ammo_revolver_mor	1600.996216 -2097.085938 40.383598	-0.101 -0.020 -0.030
item_ammo_revolver_mor	1587.890747 -2095.422852 40.381844	-0.102 -0.020 -0.031
item_ammo_revolver_mor	1574.633179 -2095.562744 40.381844	-0.102 -0.020 -0.031
item_ammo_revolver_mor	1857.134277 -2095.423340 40.374561	-0.109 -0.020 -0.033
item_ammo_revolver_mor	1836.010864 -2096.084229 40.330753	-0.147 -0.018 -0.044
item_ammo_revolver_mor	1855.748047 -2121.228516 40.381844	-0.102 -0.020 -0.031
item_ammo_revolver_mor	1841.252319 -2120.289795 40.380066	-0.104 -0.020 -0.031
item_ammo_revolver_mor	1856.305298 -2145.666748 40.381844	-0.102 -0.020 -0.031
item_ammo_revolver_mor	1839.360840 -2143.409424 40.368805	-0.114 -0.020 -0.034
item_ammo_revolver_mor	1829.144897 -2117.954346 40.418610	-0.070 -0.020 -0.021
item_ammo_revolver_mor	2369.136230 -2256.056641 40.322964	-0.154 -0.018 -0.047
item_ammo_revolver_mor	2348.481201 -2254.552490 40.381844	-0.102 -0.020 -0.031
item_ammo_revolver_mor	2992.724365 -685.686462 16.425552	-0.064 -0.020 -0.019
item_ammo_revolver_mor	2965.748535 -689.355469 16.342974	-0.136 -0.019 -0.041
item_ammo_revolver_mor	2014.078247 302.599945 84.378258	0.105 0.020 -0.032
item_ammo_revolver_mor	1993.672729 300.661041 84.405548	-0.081 -0.020 -0.025
item_ammo_revolver_mor	1850.036499 -961.342651 16.347610	-0.132 -0.019 -0.040
item_ammo_revolver_mor	1836.351318 -963.643494 16.393574	-0.092 -0.020 -0.028
item_ammo_revolver_mor	3153.697754 -1734.005005 224.424438	-0.065 -0.020 -0.020
item_ammo_revolver_mor	3147.172852 -1657.461914 224.402695	-0.084 -0.020 -0.025
item_ammo_revolver_mor	3451.313721 626.488464 16.360708	-0.121 -0.019 -0.037
item_ammo_revolver_mor	3430.346924 646.665100 16.347610	-0.132 -0.019 -0.040
item_ammo_revolver_mor	3782.726563 1361.296631 16.362778	-0.119 -0.019 -0.036
item_ammo_revolver_mor	3797.753418 1362.850586 16.328194	-0.149 -0.018 -0.045
item_ammo_revolver_mor	42.125042 355.031067 16.432894	-0.058 -0.020 -0.017
item_ammo_revolver_mor	66.532539 349.199371 16.387022	-0.098 -0.020 -0.030
item_ammo_revolver_mor	-907.615662 -2798.594238 16.345310	-0.134 -0.019 -0.041
item_ammo_revolver_mor	-931.417358 -2794.135986 16.393574	-0.092 -0.020 -0.028
item_ammo_revolver_mor	156.628433 -3555.414307 32.433182	-0.589 0.262 -0.236
item_ammo_revolver_mor	136.826950 -3554.408447 32.423096	-0.506 0.306 -0.180
item_ammo_revolver_mor	119.892487 -3555.800781 32.439964	-0.326 0.097 -0.277
item_ammo_revolver_mor	104.058449 -3555.126953 32.448486	-0.482 0.377 -0.168
item_ammo_revolver_mor	-416.084961 -3454.948730 19.238075	-89.710 120.408 -127.140
item_ammo_revolver_mor	-411.217865 -3469.841797 18.589455	-47.895 -44.264 0.230
item_ammo_revolver_mor	-3231.921875 -151.157028 19.360430	88.719 10.261 176.554
item_ammo_revolver_mor	-3195.131836 13.862455 16.381842	-0.102 -0.020 -0.031
item_ammo_revolver_mor	-3735.213867 662.412781 16.408318	-0.079 -0.020 -0.024
item_ammo_revolver_mor	-3744.210205 672.259766 16.399740	-0.086 -0.020 -0.026
item_ammo_revolver_mor	-2596.602783 624.344727 16.405544	-0.081 -0.020 -0.025
item_ammo_revolver_mor	-2614.526123 626.685364 16.338196	-0.140 -0.019 -0.043
item_ammo_revolver_mor	-4030.889160 -46.717094 16.473207	0.832 -1.654 0.432
item_ammo_revolver_mor	-4014.101074 -55.274673 16.378256	-0.105 -0.020 -0.032
item_ammo_revolver_mor	-3875.231201 196.659286 -191.629257	-0.112 -0.020 -0.034
item_ammo_revolver_mor	-3871.466797 150.232803 -191.604858	-0.091 -0.020 -0.027
item_ammo_revolver_mor	-6184.671387 -215.702988 -191.623581	-0.107 -0.020 -0.032
item_ammo_revolver_mor	-6222.142578 -225.521240 -191.618164	-0.102 -0.020 -0.031
item_ammo_revolver_mor	-4690.338379 -1878.992065 -191.641403	-0.122 -0.019 -0.037
item_ammo_revolver_mor	-4666.194336 -1869.653442 -191.597321	-0.084 -0.020 -0.025
item_ammo_revolver_mor	-6069.798828 -5463.523926 -191.661804	-0.140 -0.019 -0.042
item_ammo_revolver_mor	-6095.044434 -5432.336426 -191.677048	-0.154 -0.018 -0.047
item_ammo_revolver_mor	-5097.855469 -3219.412598 -239.635178	-0.117 -0.019 -0.035
item_ammo_revolver_mor	-5116.298340 -3199.016357 -239.641388	-0.122 -0.019 -0.037
item_ammo_revolver_mor	-4882.428711 -84.903976 -191.674408	-0.151 -0.018 -0.046
item_ammo_revolver_mor	-4867.844238 -82.723068 -191.627335	-0.110 -0.020 -0.033
item_ammo_revolver_mor	-1883.904053 -165.457642 144.347610	-0.132 -0.019 -0.040
item_ammo_revolver_mor	-1900.492798 -162.932068 144.333267	-0.145 -0.018 -0.044
item_ammo_revolver_mor	-4087.114990 -2959.306396 -123.623581	-0.107 -0.019 -0.032
item_ammo_revolver_mor	-4100.651855 -2966.779297 -123.552200	-0.044 -0.020 -0.013
item_ammo_revolver_mor	-3202.581299 -2838.323242 16.383595	-0.101 -0.020 -0.030
item_ammo_revolver_mor	-3221.911865 -2839.178467 16.411009	-0.077 -0.020 -0.023
item_ammo_revolver_mor	3624.482666 791.207458 16.368803	-0.114 -0.020 -0.034
item_ammo_revolver_mor	3642.941406 793.871826 16.440388	-0.051 -0.020 -0.015
item_ammo_revolver_mor	-1002.648010 79.019241 -5.759127	-1.918 -0.029 -2.331
item_ammo_revolver_mor	-979.490234 72.609764 -4.858867	-1.867 -0.124 -2.681
weapon_frag	-6016.000000 -4496.000000 -190.000000	0.000 0.000 0.000
weapon_frag	1642.572998 -2211.956055 42.155907	-36.666 -55.820 -91.430
weapon_frag	1989.879395 320.310883 86.112991	15.444 -25.972 -89.587
weapon_frag	3607.448242 1046.968872 50.110020	-35.965 -56.519 -90.341
weapon_frag	3114.680908 1214.823608 18.133787	-36.328 -56.164 -90.900
weapon_frag	2348.915771 -683.254272 18.365391	-36.135 -2.075 -98.186
weapon_frag	-6332.615723 -19.569981 -61.876606	-36.170 -61.507 -90.654
weapon_frag	-5763.577637 -5036.756836 -98.087151	13.550 1.329 -1.875
weapon_frag	-2136.774658 -160.899353 86.379311	-40.070 -44.025 -97.295
weapon_frag	-4578.252930 -2072.206543 -189.880005	-36.118 -56.372 -90.574
weapon_frag	-5857.259766 -2687.155518 -53.826996	14.713 -26.207 -90.724
weapon_frag	-5573.974609 -2308.618408 -349.853638	-36.521 -55.974 -91.200
player_start	-3456.370117 -2.297238 16.553177	-0.057 -0.000 0.057
player_start	-3201.728516 -258.991119 16.548752	-0.062 -0.000 0.062
player_start	-3198.225098 266.601959 16.544744	-0.067 -0.000 0.067
player_start	-2949.014893 -6.734119 16.538601	-0.074 -0.000 0.074
player_start	-3203.994385 -1058.055542 16.528614	-0.086 -0.000 0.086
player_start	-3492.850830 -2835.573975 16.535761	-0.078 -0.000 0.078
player_start	-2913.480469 -2842.990967 16.544744	-0.067 -0.000 0.067
player_start	-2555.288086 -2835.302734 16.546049	0.001 2.591 0.173
player_start	-1720.351074 -2852.049805 16.527531	-0.088 -0.000 0.088
player_start	-2231.123047 -2848.540039 16.543055	-0.069 -0.000 0.069
player_start	-1241.398071 -2852.830322 16.547184	-0.064 -0.000 0.064
player_start	-744.952759 -2848.725342 16.540422	-0.072 -0.000 0.072
player_start	-1030.989746 -2606.029053 16.543905	-0.068 -0.000 0.068
player_start	-196.597046 -2851.879150 16.552467	-0.057 -0.000 0.057
player_start	-22.608019 -3066.630859 16.560318	-0.048 -0.000 0.048
player_start	2.973390 -3442.988770 16.553875	-0.056 -0.000 0.056
player_start	2.128772 -3685.593506 16.545570	-0.066 -0.000 0.066
player_start	-160.728439 -3600.968262 16.541313	-0.071 -0.000 0.071
player_start	-340.977692 -3608.452637 16.536722	-0.076 -0.000 0.076
player_start	-528.812500 -3578.364014 16.575262	-0.269 0.010 -0.214
player_start	-58.693836 -3512.560547 16.594727	0.047 0.059 0.063
player_start	1966.491089 -1693.034546 16.551746	-0.058 -0.000 0.058
player_start	1798.436157 -1161.434082 16.529682	-0.085 -0.000 0.085
player_start	1790.043579 -9.150404 16.533796	-0.080 -0.000 0.080
player_start	2135.648193 7.122871 16.539518	-0.073 -0.000 0.073
player_start	2504.966309 9.149501 16.528614	-0.086 -0.000 0.086
player_start	2114.285645 399.563538 16.553177	-0.057 -0.000 0.057
player_start	2815.824951 -33.961163 16.553875	-0.056 -0.000 0.056
player_start	2798.104004 -252.367584 16.554565	-0.055 -0.000 0.055
player_start	2577.397461 -259.135834 16.579187	-0.025 -0.000 0.025
player_start	2649.464111 -655.356445 16.550272	-0.060 -0.000 0.060
player_start	2461.871094 -566.978027 16.542192	-0.070 -0.000 0.070
player_start	3560.000732 824.716492 16.531771	-0.082 -0.000 0.082
player_start	3710.541260 839.394165 16.550272	-0.060 -0.000 0.060
player_start	3693.754150 688.322632 16.526430	-0.089 -0.000 0.089
player_start	3576.745361 701.219604 16.540422	-0.072 -0.000 0.072
player_start	3609.838379 182.612976 16.551746	-0.058 -0.000 0.058
player_start	3367.211182 19.733433 16.537666	-0.075 -0.000 0.075
player_start	-1507.414063 -79.121086 16.527531	-0.088 -0.000 0.088
player_start	-1499.012451 18.767517 16.527531	-0.088 -0.000 0.088
player_start	-1451.042236 -35.430950 16.543055	-0.069 -0.000 0.069
player_start	-1470.776123 77.587158 16.535763	-0.078 -0.000 0.078
player_start	398.514771 95.547424 16.562035	0.149 0.139 0.000
player_start	458.352692 39.967751 16.527533	-0.088 -0.000 0.088
player_start	408.807007 -24.211393 16.567362	-0.039 -0.000 0.040
player_start	464.187714 -120.213791 16.566366	-0.040 -0.000 0.041
player_start	-1099.646973 -660.538025 72.549728	-0.049 -0.000 0.049
player_start	-906.605652 -1455.072998 16.531771	-0.082 -0.000 0.082
player_start	-1012.920532 -1472.211670 16.541313	-0.071 -0.000 0.071
player_start	-1095.162842 -1471.460205 16.562067	-0.046 -0.000 0.046
player_start	-1171.093384 -1465.566650 16.545568	-0.066 -0.000 0.066
player_start	-1041.167114 -1920.596680 16.539518	-0.073 -0.000 0.073
player_start	-1974.281982 30.243088 16.571487	-0.034 -0.000 0.034
player_start	922.041016 99.153328 16.553877	-0.056 -0.000 0.056
player_start	-4053.319824 -2889.307129 16.552467	-0.057 -0.000 0.057
player_start	-4090.677490 -2827.903076 -191.429825	-0.036 -0.000 0.036
player_start	-4592.839355 -2865.677734 -191.444763	-0.054 -0.000 0.054
player_start	-4908.518066 -2323.894043 -191.456100	-0.068 -0.000 0.068
player_start	-4829.337891 -1974.976318 -191.443436	-0.052 -0.000 0.053
player_start	-5341.486328 -1826.360474 -191.468231	-0.082 -0.000 0.082
player_start	-5677.658203 -2443.677490 -191.466202	-0.080 -0.000 0.080
player_start	-5506.459473 -2773.697510 -191.456116	0.068 0.000 0.068
player_start	-6094.702637 -2964.354004 -191.465210	-0.079 -0.000 0.079
player_start	-5931.507813 -3388.755615 -191.468231	-0.082 -0.000 0.083
player_start	-6028.695313 -3992.550537 -191.451248	-0.062 -0.000 0.062
player_start	-5938.853516 -4823.988281 -191.470322	-0.085 -0.000 0.085
player_start	-5954.452637 -5272.230957 -191.400208	-0.000 0.141 0.000
player_start	-6036.153809 -5007.639160 -191.448990	-0.059 -0.000 0.059
player_start	-2584.155273 1.662166 16.548752	-0.062 -0.000 0.062
player_start	-3197.912598 166.631012 16.526430	-0.089 -0.000 0.089
player_start	-3054.942627 -5.754650 16.548752	-0.062 -0.000 0.062
player_start	-3205.507568 -136.754303 16.540422	-0.072 -0.000 0.072
player_start	-3354.366943 -3.010930 16.548752	-0.062 -0.000 0.062
player_start	-5716.264648 -284.834106 -191.450775	-0.049 -0.000 0.049
player_start	-5946.868164 -192.133026 -191.460846	-0.058 -0.000 0.058
player_start	-6328.553711 -197.734283 -191.405136	-0.273 0.201 -0.257
player_start	-5797.261230 -32.211784 -191.458145	-0.056 -0.000 0.056
player_start	-5777.691406 118.961983 -191.464615	-0.062 -0.000 0.062
player_start	-6255.732422 104.690369 -191.410263	-0.105 0.022 -0.085
player_start	-6047.354980 119.922256 -191.462708	-0.060 -0.000 0.060
player_start	-5701.589355 225.625488 -191.477432	-0.074 -0.000 0.074
player_start	-5171.176758 -43.798237 -191.471390	-0.086 -0.000 0.086
player_start	-4518.638184 -23.851208 -191.430283	-0.036 -0.000 0.037
player_start	-4063.072266 -7.226886 -191.452026	-0.063 -0.000 0.063
player_start	-3920.020264 10.426781 16.543905	-0.068 -0.000 0.068
player_start	-1120.741455 -1829.048462 16.547186	-0.064 -0.000 0.064
player_start	-1128.304199 -2028.762939 16.553877	-0.056 -0.000 0.056
player_start	-992.404480 -2027.605347 16.536722	-0.076 -0.000 0.076
player_start	-2048.855469 59.916405 16.534786	-0.079 -0.000 0.079
player_start	-1865.122559 94.970169 16.560318	-0.048 -0.000 0.048
player_start	1026.021729 -67.665077 16.527533	-0.088 -0.000 0.088
player_start	787.009949 -34.594158 16.546385	-0.065 -0.000 0.065
weapon_mor_usp	2103.415039 -2140.090088 40.996593	0.590 -34.396 -90.791
weapon_mor_usp	2086.404297 -2140.978760 40.999168	0.611 -34.395 -90.749
weapon_mor_usp	2146.510010 -2201.169922 41.001091	0.627 -34.395 -90.719
weapon_mor_usp	2161.788818 -2215.339355 40.994949	0.577 -34.396 -90.817
weapon_mor_usp	2144.985840 -2129.846924 41.000622	0.623 -34.395 -90.726
weapon_mor_usp	2165.991943 -2166.216064 40.999660	0.615 -34.395 -90.742
weapon_mor_usp	3626.562988 1045.987427 48.994389	0.573 -34.397 -90.826
weapon_mor_usp	3573.094971 1067.214233 48.998161	0.603 -34.396 -90.765
weapon_mor_usp	3510.061279 1063.460083 49.000145	0.619 -34.395 -90.734
weapon_mor_usp	3611.770508 1058.849854 49.001091	0.627 -34.395 -90.719
weapon_mor_usp	132.107742 -3695.979248 32.999165	0.611 -34.395 -90.749
weapon_mor_usp	107.310219 -3646.274658 32.994385	0.573 -34.397 -90.826
weapon_mor_usp	-3227.790527 932.904541 16.998159	0.603 -34.396 -90.765
