# morbus weapon/ammo placement overrides - Thank TTT for this lua code
# For map: mor_isolation_b1
# Exported by: Remscar
setting:	replacespawns 1
weapon_mor_ump	-883.972290 897.095886 48.845039	-0.556 -26.386 88.578
weapon_mor_ump	-855.693787 896.180725 48.865929	-0.218 -17.903 89.179
weapon_mor_ka47	986.351868 -3016.559082 33.219521	-0.841 12.296 84.349
weapon_mor_ka47	-747.094299 -1429.653442 1.131535	-0.504 1.628 82.836
weapon_mor_ka47	-1460.166870 -1600.466919 1.171194	-0.590 -12.676 83.448
weapon_mor_ka47	-880.067078 754.604492 50.703136	-0.253 -16.641 -101.814
weapon_mor_ka47	-859.132996 754.938416 51.658821	-0.063 -20.613 -108.210
weapon_mor_sc7	997.817322 -2797.259766 33.715919	0.599 -85.598 -80.963
weapon_mor_sc7	-1447.522461 -2135.161621 1.292099	0.362 -4.825 87.104
mor_random_ammo	1308.508179 -3834.490967 112.360542	-0.064 -0.000 0.007
mor_random_ammo	1320.956177 -3834.113525 112.323502	-0.047 0.000 0.033
mor_random_ammo	1337.005005 -3833.822021 112.376099	0.135 -0.000 -0.102
mor_random_ammo	1349.571289 -3834.162842 112.382507	0.216 0.001 0.204
mor_random_ammo	1308.962646 -3809.462402 112.335991	-0.047 -0.000 -0.027
mor_random_ammo	1320.994751 -3808.769531 112.326057	-0.047 -0.000 -0.032
mor_random_ammo	1334.776855 -3807.976807 112.343063	-0.048 -0.000 -0.021
mor_random_ammo	1351.233765 -3807.885498 112.453468	0.910 0.025 1.103
mor_random_ammo	1308.370972 -3776.457031 64.394539	1.099 0.015 1.283
mor_random_ammo	1308.606567 -3740.370361 64.425056	1.462 0.034 1.766
mor_random_ammo	1326.322754 -3772.972168 64.327858	0.047 0.000 -0.031
mor_random_ammo	1339.630981 -3770.904541 64.353348	0.055 0.000 -0.008
mor_random_ammo	1327.780762 -3742.631104 64.357513	0.060 0.000 0.001
mor_random_ammo	1342.909790 -3743.989990 64.417038	1.719 0.036 2.086
mor_random_ammo	1212.376831 -3834.496338 32.389122	0.415 0.003 0.449
mor_random_ammo	1211.997314 -3802.729004 32.416241	1.628 -0.036 -1.969
mor_random_ammo	1209.986816 -3780.571289 32.361538	0.067 0.000 0.012
mor_random_ammo	1211.274536 -3754.082031 32.420406	1.552 0.040 1.874
mor_random_ammo	1214.677612 -3738.158447 32.374481	0.122 0.000 0.086
mor_random_ammo	1193.304443 -3736.633301 32.428883	1.455 0.034 1.765
mor_random_ammo	1191.543945 -3757.031006 32.372753	0.110 0.000 0.069
mor_random_ammo	1188.468384 -3781.654053 32.365425	0.077 0.000 0.026
mor_random_ammo	1186.712402 -3808.116211 32.421558	1.618 0.037 1.963
mor_random_ammo	1185.212769 -3839.614014 32.357513	0.060 0.000 0.001
mor_random_ammo	872.921936 -3837.437988 32.339989	0.047 0.000 -0.023
mor_random_ammo	895.402771 -3837.852783 32.367317	0.083 0.000 0.034
mor_random_ammo	871.732483 -3817.582031 32.365402	0.077 -0.000 -0.026
mor_random_ammo	894.578064 -3817.051270 32.380863	0.190 -0.001 -0.171
mor_random_ammo	1432.337036 -3365.318359 0.372751	0.110 0.000 0.070
mor_random_ammo	1430.864258 -3393.276367 0.351209	0.053 0.000 -0.011
mor_random_ammo	1430.572754 -3415.364746 0.372758	0.109 0.000 0.069
mor_random_ammo	1430.344116 -3434.121582 0.390196	0.480 0.003 0.528
mor_random_ammo	1430.119751 -3452.948730 0.377831	0.151 0.001 0.123
mor_random_ammo	1448.365479 -3353.113770 0.438345	1.228 0.030 1.488
mor_random_ammo	1446.191528 -3383.585693 0.386657	0.320 0.002 0.332
mor_random_ammo	1447.448242 -3402.943359 0.459956	0.771 0.023 0.935
mor_random_ammo	1447.745605 -3418.646729 0.422653	1.457 -0.034 -1.758
mor_random_ammo	1448.151733 -3440.739746 0.394939	1.433 0.024 1.690
mor_random_ammo	1448.713501 -3470.573486 0.393663	0.823 0.009 0.948
mor_random_ammo	1425.728394 -3465.105957 0.379331	0.168 -0.001 -0.144
mor_random_ammo	1277.137573 -3553.218018 112.335991	-0.047 -0.000 -0.027
mor_random_ammo	1293.967163 -3533.174805 112.335991	-0.047 -0.000 -0.027
mor_random_ammo	1304.892334 -3518.387451 112.356354	-0.057 -0.000 -0.003
mor_random_ammo	1071.559326 -3549.914063 112.351219	0.053 -0.000 0.011
mor_random_ammo	1026.645874 -3513.237793 112.370605	-0.092 -0.000 0.046
mor_random_ammo	1076.967896 -3518.937744 112.337639	0.047 0.000 -0.025
mor_random_ammo	764.418762 -3559.895020 112.335251	0.047 0.000 -0.027
mor_random_ammo	765.214111 -3485.340820 112.411896	-1.106 -0.015 1.292
mor_random_ammo	843.503601 -3519.317383 112.380997	0.191 0.001 0.173
mor_random_ammo	821.907715 -3562.105713 112.359543	0.063 0.000 0.006
mor_random_ammo	763.836365 -3808.650391 112.451576	-1.429 -0.033 1.731
mor_random_ammo	760.685608 -3777.832764 112.453697	-1.320 -0.032 1.596
mor_random_ammo	832.133301 -3757.055176 112.355446	0.057 0.000 -0.004
mor_random_ammo	821.618164 -3817.512695 112.351212	0.053 0.000 -0.011
mor_random_ammo	644.934448 -3899.717773 80.536392	0.044 0.000 -0.027
mor_random_ammo	619.803406 -3891.859863 80.592453	1.438 0.025 1.699
mor_random_ammo	-1273.061768 -3514.165771 112.345360	-0.049 -0.000 -0.019
mor_random_ammo	-1292.230469 -3529.145264 112.451698	-1.380 -0.032 1.670
mor_random_ammo	-1247.632690 -3539.038574 112.352051	-0.053 0.000 0.011
mor_random_ammo	-1253.766479 -3560.096680 112.386703	0.314 0.002 0.325
mor_random_ammo	-1279.773193 -3567.267822 112.360542	-0.063 -0.000 0.006
mor_random_ammo	-1288.128540 -3543.324951 112.389786	-0.285 -0.001 0.289
mor_random_ammo	-1227.705078 -3502.697998 112.447723	-1.512 -0.035 1.830
mor_random_ammo	-1228.758789 -3565.786133 112.370934	0.100 -0.000 -0.057
mor_random_ammo	-1234.574707 -3575.685791 112.376183	0.135 0.000 0.102
mor_random_ammo	-1044.027466 -3506.273193 112.437172	1.269 0.032 1.539
mor_random_ammo	-1006.992676 -3528.665771 112.393700	0.818 0.009 0.941
mor_random_ammo	-978.558044 -3516.116455 112.322739	0.047 0.000 -0.033
mor_random_ammo	-997.137207 -3547.022949 112.359543	0.063 0.000 0.006
mor_random_ammo	-1045.457642 -3560.145020 112.420624	1.524 0.036 1.838
mor_random_ammo	-1034.914917 -3518.533203 112.357513	0.060 0.000 0.001
mor_random_ammo	-1001.951416 -3491.297852 112.332825	0.047 0.000 -0.028
mor_random_ammo	-864.593811 -3531.794189 112.364632	-0.072 -0.000 0.018
mor_random_ammo	-868.858215 -3577.896240 112.370605	-0.092 -0.000 0.046
mor_random_ammo	-839.953552 -3588.868408 112.357513	0.060 -0.000 -0.001
mor_random_ammo	-806.595154 -3593.775635 112.365425	0.077 0.000 0.026
mor_random_ammo	-816.283875 -3550.194824 112.447807	-1.566 -0.040 1.899
mor_random_ammo	-830.495605 -3546.751465 112.374496	-0.112 -0.000 0.072
mor_random_ammo	-848.425293 -3578.454346 112.360542	-0.064 -0.000 0.007
mor_random_ammo	-878.619507 -3609.210938 112.323479	-0.047 -0.000 -0.033
mor_random_ammo	-800.764160 -3708.553223 112.409355	-0.975 -0.012 1.132
mor_random_ammo	-849.289978 -3710.199951 112.343063	-0.048 -0.000 -0.021
mor_random_ammo	-850.042480 -3726.238281 112.323479	-0.047 -0.000 -0.033
mor_random_ammo	-851.328918 -3750.685059 112.395691	-0.419 -0.003 0.454
mor_random_ammo	-797.994751 -3757.573730 112.372704	0.109 -0.000 -0.068
mor_random_ammo	-668.630432 -3847.969238 32.376186	0.134 0.000 0.101
mor_random_ammo	-695.632690 -3845.940430 32.393635	1.423 -0.024 -1.678
mor_random_ammo	-666.226563 -3814.848389 32.349033	0.051 0.000 -0.014
mor_random_ammo	-691.341370 -3817.822510 32.337662	0.047 -0.000 0.025
mor_random_ammo	-668.519958 -3790.903809 32.418468	1.571 0.041 1.895
mor_random_ammo	-691.822571 -3789.327393 32.415882	1.680 0.035 2.033
mor_random_ammo	-608.973145 -3777.530273 64.349037	0.051 0.000 -0.014
mor_random_ammo	-613.903564 -3800.355469 64.372757	0.110 0.000 0.069
mor_random_ammo	-563.785522 -3801.002441 64.389099	0.419 0.003 0.454
mor_random_ammo	-569.683289 -3784.921631 64.365425	0.077 0.000 0.026
mor_random_ammo	-582.464355 -3800.152832 64.386673	0.318 0.002 0.330
mor_random_ammo	-588.480469 -3778.976807 64.389091	0.419 0.003 0.454
mor_random_ammo	-560.631104 -3861.881592 112.356354	-0.057 -0.000 -0.003
mor_random_ammo	-572.332886 -3841.997803 112.335991	-0.047 -0.000 -0.027
mor_random_ammo	-583.366455 -3867.473877 112.354210	-0.055 -0.000 -0.007
mor_random_ammo	-599.512146 -3838.601318 112.389763	-0.282 -0.001 0.285
mor_random_ammo	-609.612793 -3872.469727 112.409210	-0.959 -0.011 1.113
mor_random_ammo	-615.175720 -3846.669922 112.335991	-0.047 -0.000 -0.027
mor_random_ammo	-569.308899 -3553.898682 112.331093	-0.047 -0.000 -0.029
mor_random_ammo	-571.643494 -3605.639648 112.386452	0.312 -0.002 -0.323
mor_random_ammo	-588.226318 -3616.514160 112.363503	0.072 0.000 0.018
mor_random_ammo	883.736450 -2436.429688 0.320115	0.047 0.000 -0.034
mor_random_ammo	820.282288 -2435.274414 0.349036	0.051 0.000 -0.014
mor_random_ammo	713.473694 -2434.806396 0.503112	-1.292 0.129 -1.529
mor_random_ammo	639.002502 -2443.528564 0.438047	1.181 0.029 1.426
mor_random_ammo	509.677155 -2434.714844 2.756855	89.444 -179.957 -179.976
mor_random_ammo	475.536560 -2434.873535 2.756904	89.924 -179.015 180.000
mor_random_ammo	839.638855 -2434.995605 2.757548	89.554 178.804 -177.750
mor_random_ammo	981.521362 -2434.678467 2.614734	89.227 16.430 16.258
mor_random_ammo	1022.927856 -2434.950928 2.756903	90.000 177.698 180.000
mor_random_ammo	1532.358154 -1657.071045 0.483173	1.415 2.017 -1.715
mor_random_ammo	1532.172974 -1716.933838 0.484732	1.228 6.146 -1.489
mor_random_ammo	1532.171753 -1762.703247 0.483924	1.325 6.137 -1.606
mor_random_ammo	1532.177368 -1819.732788 0.485673	1.266 -6.142 1.535
mor_random_ammo	1532.180542 -1850.917969 0.489249	0.781 -6.159 0.946
mor_random_ammo	1532.165405 -1891.523682 0.480683	1.714 6.105 -2.077
mor_random_ammo	1532.168335 -1928.572266 0.482117	1.541 6.119 -1.868
mor_random_ammo	1532.219604 -1960.268433 0.488745	0.849 -6.801 1.029
mor_random_ammo	1532.201294 -1996.448364 0.482429	1.506 6.679 -1.825
mor_random_ammo	1532.451660 -2032.749268 0.485257	1.166 12.084 -1.412
mor_random_ammo	1532.270508 -2062.561035 0.486098	1.209 -3.014 1.465
mor_random_ammo	1532.265137 -2097.435791 0.482301	1.519 2.982 -1.842
mor_random_ammo	1532.268921 -2132.233887 0.486430	1.025 3.008 -1.242
mor_random_ammo	1014.617188 -1721.809448 2.671669	-1.021 -51.293 -90.005
mor_random_ammo	1018.019775 -1799.588745 2.717943	89.594 107.860 70.137
mor_random_ammo	1015.213501 -1808.246582 2.691155	-0.512 -58.307 -90.192
mor_random_ammo	1014.876282 -1877.026733 2.687541	-0.620 -49.492 -90.004
mor_random_ammo	1014.873413 -1956.809570 2.680509	-0.805 -49.500 -90.006
mor_random_ammo	1014.874207 -2025.713135 2.691386	-0.506 -47.907 -89.992
mor_random_ammo	1014.320007 -2062.909180 2.695657	-0.398 -49.281 -89.998
mor_random_ammo	1017.943359 -2106.056641 2.709519	88.794 -129.234 -90.179
mor_random_ammo	1017.022583 -2124.999023 2.711658	88.840 112.637 89.415
mor_random_ammo	1392.375977 -1141.343994 3.725676	-88.041 133.220 -114.043
mor_random_ammo	1397.535645 -1138.876587 2.466237	64.023 -0.650 2.858
mor_random_ammo	-1475.446777 -656.903992 2.727953	89.247 128.839 90.137
mor_random_ammo	-1476.281738 -768.310669 2.739669	89.738 123.685 80.960
mor_random_ammo	-1476.757568 -793.823303 2.659330	-1.307 -48.407 -89.994
mor_random_ammo	-1476.437256 -832.697632 2.702391	88.605 127.369 89.711
mor_random_ammo	-1477.091675 -900.155273 2.693352	-0.165 -50.261 -89.942
mor_random_ammo	-1477.766357 -945.301636 2.685367	-0.657 -47.504 -89.993
mor_random_ammo	-1476.564209 -966.872620 2.692528	-0.477 -46.974 -89.997
mor_random_ammo	-1485.489624 -898.307495 3.691099	-88.802 -7.655 -133.891
mor_random_ammo	-1476.087769 -819.690063 2.716406	88.960 128.902 89.678
mor_random_ammo	-1476.896729 -780.460449 2.713707	88.850 132.443 90.469
mor_random_ammo	-1476.420044 -708.774475 2.720760	89.071 127.356 89.140
mor_random_ammo	-1475.518311 -623.207703 2.726286	89.212 135.872 89.848
mor_random_ammo	-1468.586914 -625.453918 2.738568	89.527 139.337 89.780
mor_random_ammo	-1476.267334 -550.911926 2.652283	-1.482 -49.782 -89.988
mor_random_ammo	-1476.434326 -528.278992 2.708392	88.757 129.283 89.842
mor_random_ammo	-1476.526733 -461.086548 2.727813	89.251 127.880 89.347
mor_random_ammo	-1013.414001 -116.995399 0.393712	-0.371 -0.002 0.395
mor_random_ammo	-780.133301 -85.328560 0.402131	-0.641 -0.005 0.725
mor_random_ammo	-564.924622 119.846771 0.345357	-0.049 -0.000 -0.019
mor_random_ammo	324.357666 -125.369812 0.365425	0.077 0.000 0.026
mor_random_ammo	813.362854 -99.509850 0.376421	-0.124 -0.000 0.087
mor_random_ammo	1437.176758 42.059265 0.459734	-0.070 1.711 -0.993
mor_random_ammo	1431.083740 61.290028 0.431598	-0.910 -0.031 0.671
mor_random_ammo	1532.444336 -658.155884 0.484706	1.398 -5.515 1.694
mor_random_ammo	1532.645630 -835.136597 0.486530	1.150 -4.708 1.394
mor_random_ammo	1532.562256 -869.191284 0.481726	1.804 -6.333 2.187
mor_random_ammo	1514.368164 -824.398865 0.451939	0.902 0.025 1.089
mor_random_ammo	1532.853271 -778.103088 0.485329	1.313 -2.707 1.591
mor_random_ammo	1532.461426 -908.535156 0.481090	1.890 0.526 2.291
mor_random_ammo	1495.083740 -1067.791260 2.720877	89.074 127.775 89.459
mor_random_ammo	1014.324524 -942.821411 2.665713	-1.149 -49.925 -89.994
mor_random_ammo	1014.399780 -911.045715 0.432568	0.260 -0.192 1.883
mor_random_ammo	1014.696045 -815.994873 2.669551	-1.053 -48.520 -89.993
mor_random_ammo	1046.623901 -743.674500 0.394722	1.464 0.025 1.728
mor_random_ammo	1016.201355 -485.406952 0.393570	1.261 -0.019 -1.480
mor_random_ammo	1070.679565 -563.742432 0.363498	0.072 0.000 0.019
mor_random_ammo	1028.330688 -611.569031 0.342306	0.048 0.000 -0.021
mor_random_ammo	1078.527954 -449.195190 0.446954	1.059 0.027 1.286
mor_random_ammo	1086.772339 -435.068695 2.756905	90.000 179.166 180.000
mor_random_ammo	-524.616333 827.665710 48.392315	0.716 -0.007 -0.817
mor_random_ammo	-527.195679 851.593567 48.349052	0.051 -0.000 0.014
mor_random_ammo	-528.341858 875.008179 48.451153	0.915 0.025 1.104
mor_random_ammo	-544.255066 875.773193 48.372555	-0.100 -0.000 0.057
mor_random_ammo	-544.966187 854.716614 48.325344	0.047 -0.000 0.032
mor_random_ammo	-546.729675 838.671753 48.439327	1.144 0.029 1.380
mor_random_ammo	-564.119629 838.691162 48.360531	-0.063 0.000 -0.006
mor_random_ammo	-563.907715 860.751343 48.360542	-0.064 -0.000 0.006
mor_random_ammo	-566.813965 876.234314 48.374500	-0.112 -0.000 0.072
mor_random_ammo	529.371582 642.667603 0.401855	-0.686 0.000 -1.152
mor_random_ammo	544.377014 647.547729 0.337638	0.047 0.000 -0.025
mor_random_ammo	125.246178 -797.425598 0.491589	-0.037 -0.130 -0.104
mor_random_ammo	109.304245 -801.328735 0.377833	0.151 0.001 0.122
mor_random_ammo	112.659592 -672.124512 0.427861	1.477 0.035 1.792
mor_random_ammo	100.466064 -673.198730 0.325343	0.047 -0.000 0.032
mor_random_ammo	-262.680511 -2769.145020 -175.608795	0.550 0.004 0.614
mor_random_ammo	-292.571106 -2692.244385 -175.641541	-0.060 -0.000 0.001
mor_random_ammo	-482.764954 -2678.874023 -175.540970	-1.278 -0.032 1.555
mor_random_ammo	-438.544434 -2610.423828 -175.661621	-0.047 -0.000 -0.025
mor_random_ammo	-203.650635 -2523.265381 -175.593170	-0.848 -0.009 0.977
mor_random_ammo	39.636066 -2500.199463 -175.612167	-0.248 -0.001 0.243
mor_random_ammo	394.766449 -2550.448486 -175.672134	0.047 0.000 -0.031
mor_random_ammo	243.815430 -2498.828613 -175.654633	-0.049 -0.000 -0.019
mor_random_ammo	356.016724 -2147.172119 -175.579391	1.643 0.037 1.995
mor_random_ammo	301.942444 -2247.115723 -175.627289	0.108 -0.000 -0.068
mor_random_ammo	334.393982 -2003.974121 -175.616043	0.244 0.001 0.239
mor_random_ammo	241.546432 -1942.963135 -175.634567	0.077 0.000 0.026
mor_random_ammo	288.639191 -1836.086914 -175.629013	0.100 0.000 0.056
mor_random_ammo	362.053680 -1709.831665 -175.609161	0.534 -0.004 -0.595
mor_random_ammo	361.932587 -1569.562500 -175.578400	1.566 -0.040 -1.899
mor_random_ammo	291.388489 -1400.908936 -175.605453	1.099 0.015 1.283
mor_random_ammo	288.284332 -1334.615601 -175.605179	1.256 0.019 1.475
mor_random_ammo	373.664856 -1250.974976 -175.610825	0.408 0.002 0.441
mor_random_ammo	283.572754 -1112.124756 -175.650940	0.051 -0.000 0.014
mor_random_ammo	338.713074 -842.612122 -175.604950	1.224 0.018 1.435
mor_random_ammo	234.745438 -854.288757 -175.616013	0.241 0.001 0.234
mor_random_ammo	114.722145 -628.634155 -175.614624	0.275 0.001 0.277
mor_random_ammo	-44.632614 -600.922424 -175.620560	0.169 0.001 0.146
mor_random_ammo	-145.659210 -676.202576 -175.629059	0.100 -0.000 -0.056
mor_random_ammo	-131.762268 -515.241638 -175.648788	0.053 0.000 -0.011
mor_random_ammo	-111.422897 -629.408203 -175.664749	0.047 0.000 -0.027
mor_random_ammo	-136.256912 -918.408142 -175.642487	0.060 0.000 0.001
mor_random_ammo	-44.020962 -888.661072 -175.609650	-0.138 0.093 0.271
mor_random_ammo	-72.210800 -1244.896484 -175.644547	0.057 0.000 -0.004
mor_random_ammo	-56.654099 -1203.321045 -175.619141	0.191 -0.001 -0.173
weapon_mor_r22	1139.382568 -1482.128784 27.587002	50.042 -97.860 1.363
weapon_mor_r22	-880.442322 794.612061 49.621899	-1.273 -1.061 88.194
weapon_mor_r22	-845.485840 794.463806 49.551704	-1.333 -1.030 86.808
weapon_mor_vek	983.001221 -2965.456787 33.124332	0.270 -2.551 88.696
weapon_mor_vek	904.157654 -1855.206665 105.059471	-0.166 -22.975 88.761
weapon_mor_vek	121.924500 1437.439941 33.104824	0.460 -3.091 88.630
weapon_mor_uzi	732.360718 -1341.236938 2.037560	0.000 0.000 0.000
weapon_mor_uzi	-882.774841 868.460510 50.037560	0.000 0.000 0.000
weapon_mor_uzi	-856.131470 868.083618 50.037560	0.000 0.000 0.000
item_ammo_smg1_mor	1001.942139 -2983.228027 32.627987	-1.107 0.043 0.058
item_ammo_smg1_mor	989.752686 -2983.110596 32.585449	-0.854 -0.055 0.087
item_ammo_smg1_mor	1001.966614 -2983.243408 46.444233	-1.101 -0.199 -0.029
item_ammo_smg1_mor	989.523193 -2982.890869 46.390266	-1.246 -1.179 0.168
item_ammo_smg1_mor	913.281006 -1763.424805 104.482231	-0.080 -0.002 -0.173
item_ammo_smg1_mor	914.053345 -1787.377197 104.525085	-0.072 0.050 -0.166
item_ammo_smg1_mor	905.539429 -1807.174683 104.536018	-0.043 -0.095 -0.169
item_ammo_smg1_mor	908.464600 -1827.000610 104.524170	-0.267 -1.002 -0.089
item_ammo_smg1_mor	1142.376953 -1423.315063 16.502584	0.277 0.706 0.430
item_ammo_smg1_mor	1142.694214 -1361.068604 16.495016	-1.187 0.626 -0.601
item_ammo_smg1_mor	98.991730 1442.842896 32.399284	-0.152 0.005 0.090
item_ammo_smg1_mor	96.009048 1423.002808 32.520397	0.238 -0.015 -0.200
item_ammo_smg1_mor	-879.006165 778.858582 48.415752	0.335 -0.005 0.213
item_ammo_smg1_mor	-865.401367 777.711548 48.552383	-0.023 -1.126 -0.001
item_ammo_smg1_mor	-851.423523 780.093201 48.504707	-0.255 0.038 -0.259
weapon_mor_p229	-951.992065 -2775.670410 33.449436	0.066 -13.342 -89.636
info_alien_spawn	606.367188 -1314.529419 288.531738	-0.083 0.000 0.082
info_alien_spawn	529.294312 -1313.469116 288.531738	-0.083 0.000 0.082
info_alien_spawn	443.029541 -1312.282104 288.553162	-0.057 0.000 0.056
info_alien_spawn	374.022491 -1311.337036 288.527496	-0.088 0.000 0.088
info_alien_spawn	303.080353 -1310.357544 288.541290	-0.071 0.000 0.071
info_alien_spawn	231.760132 -1309.376465 288.539490	-0.073 0.000 0.073
info_alien_spawn	154.816895 -1308.316284 288.532745	-0.081 0.000 0.081
info_alien_spawn	74.665764 -1307.215088 288.538574	-0.074 0.000 0.074
info_alien_spawn	-25.534393 -1305.835083 288.532745	-0.081 0.000 0.081
info_alien_spawn	-23.891491 -1246.423584 288.539490	-0.073 0.000 0.073
info_alien_spawn	-23.012398 -1183.427979 288.564270	-0.044 0.000 0.042
info_alien_spawn	-22.064152 -1114.436646 288.530701	-0.084 0.000 0.084
info_alien_spawn	-21.195021 -1051.440552 288.536682	-0.077 0.000 0.076
info_alien_spawn	79.138390 -1236.817627 288.524139	-0.092 0.000 0.092
info_alien_spawn	82.176994 -1168.801025 288.537628	-0.075 0.000 0.075
info_alien_spawn	79.947227 -1113.971191 288.548737	-0.062 0.000 0.062
info_alien_spawn	74.466240 -1055.771240 288.530701	-0.084 0.000 0.084
info_alien_spawn	158.668732 -1054.747314 288.558472	-0.051 0.000 0.050
info_alien_spawn	164.166611 -1112.111206 288.542145	-0.070 0.000 0.070
info_alien_spawn	165.018417 -1168.801636 288.584778	-0.040 0.000 -0.004
info_alien_spawn	166.143890 -1243.735229 288.545532	-0.066 0.000 0.066
info_alien_spawn	240.859802 -1249.832764 288.542145	-0.070 0.000 0.070
info_alien_spawn	246.525055 -1167.758545 288.565826	-0.042 0.000 0.040
info_alien_spawn	253.451248 -1100.163940 288.528564	-0.086 0.000 0.086
info_alien_spawn	253.581024 -1050.866577 288.545532	-0.066 0.000 0.066
info_alien_spawn	326.992920 -1184.546387 288.524139	-0.092 0.000 0.092
info_alien_spawn	334.954865 -1097.401367 288.565308	-0.043 0.000 0.041
info_alien_spawn	427.653107 -1217.118530 288.529633	-0.085 0.000 0.085
info_alien_spawn	432.494446 -1125.732910 288.554535	-0.055 0.000 0.054
info_alien_spawn	515.147339 -1222.681763 288.557831	-0.051 0.000 0.050
info_alien_spawn	515.886230 -1120.840088 288.527496	-0.088 0.000 0.088
mor_random_weapon	1270.828613 -3837.394043 113.200645	1.868 4.716 -92.613
mor_random_weapon	1273.026367 -3810.364014 113.199921	1.876 4.716 -92.595
mor_random_weapon	1267.886597 -3766.321045 65.202057	1.852 4.715 -92.650
mor_random_weapon	1267.977539 -3741.693848 65.221794	1.629 4.694 -93.160
mor_random_weapon	1481.598633 -3381.708252 1.213572	1.722 4.703 -92.947
mor_random_weapon	1482.491211 -3432.797119 1.204768	1.821 4.712 -92.720
mor_random_weapon	1311.121460 -3554.069824 113.210854	1.753 4.706 -92.877
mor_random_weapon	1041.476929 -3731.945068 81.403091	1.728 4.770 -92.933
mor_random_weapon	-1269.629028 -3807.109375 81.190308	1.984 4.720 -92.347
mor_random_weapon	-1269.713257 -3739.194336 81.204109	1.829 4.713 -92.703
mor_random_weapon	-669.351868 -3872.030762 33.214603	1.711 4.703 -92.974
mor_random_weapon	-547.267578 -3783.475586 65.208534	1.779 4.709 -92.817
mor_random_weapon	-545.051636 -3839.939941 113.241989	1.401 4.658 -93.684
mor_random_weapon	-743.089539 -3884.497314 1.202752	1.844 4.714 -92.668
mor_random_weapon	-611.764587 -3602.703125 113.233719	1.494 4.675 -93.469
mor_random_weapon	1516.761108 -1562.885986 1.137601	2.088 0.483 -91.548
mor_random_weapon	1469.646851 -1538.721558 2.708452	-3.814 6.678 -15.850
mor_random_weapon	1046.860352 -2128.935547 1.205420	1.814 4.712 -92.737
mor_random_weapon	1058.962646 -1650.795898 1.231872	1.515 4.677 -93.421
mor_random_weapon	1373.157471 -1139.312500 2.764526	-3.865 7.798 -18.346
mor_random_weapon	-983.740051 -434.915497 2.746749	-4.093 7.639 -14.443
mor_random_weapon	-979.254578 -628.159485 1.221857	1.526 -1.490 -93.860
mor_random_weapon	-979.671814 -710.781189 1.151279	2.228 -7.061 -92.561
mor_random_weapon	-979.526062 -847.849792 1.198418	1.705 -5.336 -93.722
mor_random_weapon	-980.014282 -1024.993774 1.164557	2.272 -9.217 -91.690
mor_random_weapon	-960.931335 -95.362549 1.211165	1.685 4.687 -92.959
mor_random_weapon	-244.703552 114.284821 1.229792	1.539 4.681 -93.367
mor_random_weapon	111.102509 113.082779 1.242269	1.397 3.412 -93.691
mor_random_weapon	564.102539 90.851898 1.228358	1.555 4.684 -93.330
mor_random_weapon	1062.523682 89.846840 1.193705	1.946 4.720 -92.435
mor_random_weapon	1423.079590 -40.098873 1.181401	2.084 4.819 -92.118
mor_random_weapon	1519.121338 -472.199371 1.212914	1.730 3.878 -92.930
mor_random_weapon	1515.671265 -551.552307 1.202753	1.844 4.714 -92.668
mor_random_weapon	1038.157715 -1050.180542 1.203435	1.837 4.714 -92.686
mor_random_weapon	-534.515869 772.890747 49.209129	1.772 4.708 -92.832
mor_random_weapon	-534.097717 801.736938 49.191177	1.975 4.719 -92.369
mor_random_weapon	532.905823 674.948425 1.199920	1.876 4.716 -92.595
mor_random_weapon	110.405243 -756.083862 1.215388	1.539 5.550 -93.381
mor_random_weapon	108.566040 -626.064331 1.210857	1.753 4.706 -92.877
mor_random_weapon	-306.400818 -2882.238770 -174.782959	1.683 4.700 -93.037
mor_random_weapon	-465.951294 -2874.505859 -174.804672	1.928 4.718 -92.476
mor_random_weapon	278.409332 -2374.315918 -174.782486	1.678 4.699 -93.049
mor_random_weapon	289.968231 -2000.841431 -174.775208	1.595 4.689 -93.238
mor_random_weapon	288.151520 -1946.420776 -174.774506	1.588 4.688 -93.256
mor_random_weapon	234.935638 -1862.984497 -174.771057	1.548 4.682 -93.345
mor_random_weapon	283.100861 -1540.250366 -174.769135	1.527 4.679 -93.395
mor_random_weapon	186.677551 -1546.183838 -174.795898	1.829 4.713 -92.703
mor_random_weapon	241.165695 -560.415710 -174.764450	1.474 2.716 -93.516
mor_random_weapon	186.327591 -653.527771 -174.802322	1.901 4.718 -92.537
mor_random_weapon	-39.114571 -519.706787 -174.765442	1.485 4.673 -93.491
mor_random_weapon	-157.811813 -1056.082520 -174.786423	1.722 4.703 -92.947
mor_random_weapon	-153.699890 -1343.954102 -174.774857	1.591 4.689 -93.247
mor_random_weapon	-164.749466 -1543.093872 -174.810577	1.994 4.721 -92.324
item_ammo_battery_mor	-937.054504 -2742.741943 38.041813	0.031 -0.065 0.501
item_ammo_battery_mor	-933.517273 -2755.548584 38.158062	0.009 -0.074 0.152
item_ammo_battery_mor	729.982178 -1863.183228 6.078051	0.003 -0.049 0.179
item_ammo_battery_mor	712.777161 -1872.978394 6.121778	0.002 -0.050 0.119
item_ammo_battery_mor	-554.473572 727.851013 54.047913	0.035 -0.090 0.287
item_ammo_battery_mor	-554.881226 736.494263 54.116734	0.020 -0.096 0.164
item_ammo_buckshot_mor	-1002.229919 -3791.391846 32.433720	0.668 -0.003 0.514
item_ammo_buckshot_mor	-984.748413 -3793.983887 32.466476	0.415 0.005 0.356
item_ammo_buckshot_mor	-667.443665 -2443.608887 0.376507	0.491 0.018 -0.313
item_ammo_buckshot_mor	-682.258240 -2444.940430 0.388668	-0.992 0.017 0.883
item_ammo_buckshot_mor	3.019864 -1632.117432 16.380436	-0.067 0.002 0.142
item_ammo_buckshot_mor	15.812073 -1632.416138 16.344145	0.613 0.003 -0.487
item_ammo_buckshot_mor	28.057421 1447.578735 32.344143	0.613 0.003 -0.487
item_ammo_buckshot_mor	36.811817 1449.427246 32.334957	0.386 0.004 -0.301
item_ammo_buckshot_mor	-814.443176 676.517395 48.487003	-0.121 -0.546 -0.051
item_ammo_buckshot_mor	-806.617615 676.344238 48.488453	-0.247 0.456 0.260
item_ammo_buckshot_mor	-795.533752 674.995850 48.473198	-0.045 1.286 -0.033
item_ammo_buckshot_mor	-788.095886 673.968079 48.460564	0.183 0.588 0.500
weapon_mor_beretta	-945.526550 -2862.061035 33.540043	87.623 -11.611 -44.934
weapon_mor_beretta	-931.182983 -2824.769531 33.545380	87.289 -5.656 -38.991
weapon_mor_beretta	-545.843079 -2676.255127 1.536667	87.816 -16.239 -49.560
weapon_mor_beretta	822.026672 -3072.942627 1.489609	87.487 -57.131 -88.967
weapon_mor_beretta	919.149719 -1946.003662 105.545158	86.645 -4.354 -36.335
weapon_mor_beretta	1416.715698 -1413.930298 16.790785	-82.911 2.462 -38.417
weapon_mor_beretta	-879.626587 826.122559 49.544716	86.688 -4.746 -36.717
weapon_mor_beretta	-859.302307 827.054199 49.536076	87.454 -14.385 -46.330
weapon_mor_beretta	-842.461731 826.516541 49.543247	86.825 -6.072 -38.037
weapon_mor_gr4	-643.293884 655.574463 48.811188	-0.452 4.626 87.253
weapon_mor_gr4	-642.431702 680.384277 48.778458	-0.272 4.607 86.193
weapon_mor_gr4	-598.402954 655.735229 48.801826	-0.401 4.627 86.949
weapon_mor_gr4	-597.519043 681.206787 48.790829	-0.340 4.628 86.593
weapon_glowstick	880.236023 -3752.458008 38.970852	-0.589 0.831 -0.129
weapon_glowstick	902.361694 -3752.964600 39.032265	2.690 0.073 1.938
weapon_glowstick	149.301987 -3097.467285 35.052048	1.988 0.043 1.432
weapon_glowstick	150.614243 -3128.838135 34.945122	-0.707 0.765 -0.155
weapon_glowstick	152.936066 -3163.505127 34.947453	-0.696 0.766 -0.153
weapon_glowstick	151.635162 -3201.322998 35.022755	-0.353 0.874 -0.077
weapon_glowstick	151.711609 -3237.356934 34.995502	-0.477 0.854 -0.105
weapon_glowstick	152.286880 -3270.136230 34.927795	-0.785 0.738 -0.172
weapon_glowstick	148.608627 -3298.229492 34.985577	-0.522 0.844 -0.115
weapon_glowstick	-994.609741 -3863.383545 38.937923	-0.739 0.762 -0.162
weapon_glowstick	-971.896240 -3862.841797 39.072083	1.176 0.021 0.847
weapon_glowstick	-992.038452 -3841.123291 38.962868	1.226 0.033 1.162
weapon_glowstick	-964.657410 -3845.389648 39.045258	2.142 0.049 1.545
weapon_glowstick	-953.933716 -2889.991699 38.956745	-0.682 0.842 -0.157
weapon_glowstick	-941.471924 -2890.637939 38.992546	-0.512 0.904 -0.118
weapon_glowstick	-716.109619 -2886.397461 6.976249	0.357 -0.963 0.493
weapon_glowstick	-732.192078 -2903.706543 6.928180	-0.818 0.779 -0.188
weapon_glowstick	474.853058 -2955.603027 6.970386	-0.485 0.620 -0.116
weapon_glowstick	486.131622 -2933.081787 7.007045	-0.348 0.648 -0.083
weapon_glowstick	1353.330811 -1683.485840 18.246559	76.025 128.221 -90.001
weapon_glowstick	971.653320 -2084.017578 110.935448	-0.751 0.728 -0.165
weapon_glowstick	956.743042 -2084.682861 111.005989	-0.429 0.867 -0.094
weapon_glowstick	481.518494 -1333.814087 2.230979	19.366 54.192 90.002
weapon_glowstick	418.258362 -1384.606445 7.063607	-2.181 -29.268 -2.184
weapon_glowstick	-1053.071533 -1879.866333 2.146098	-20.968 7.605 90.012
weapon_glowstick	-136.220245 1428.814087 38.983833	-0.530 0.845 -0.116
weapon_glowstick	-135.557922 1417.592163 39.012833	-0.398 0.871 -0.087
weapon_mor_zx9	-1396.417114 -3928.569336 5.026379	-2.797 -0.953 0.427
weapon_mor_zx9	933.119507 -1625.862061 109.017776	-2.807 -0.955 0.460
weapon_mor_m418	-959.806519 -3005.863770 33.228703	1.540 -10.721 83.098
weapon_mor_m418	-512.605591 -1697.765259 33.228706	1.540 -13.251 83.098
weapon_mor_m418	-870.439880 1007.746033 49.228706	1.540 -11.291 83.098
weapon_mor_m418	-754.549316 656.661560 49.228706	1.540 -11.279 83.098
weapon_mor_m418	-751.379211 685.793884 49.228706	1.540 -11.275 83.098
weapon_mor_blaster	-959.731079 -2740.089355 33.942623	2.489 -19.727 -84.289
weapon_mor_blaster	719.344299 -1890.200562 1.845310	2.134 -18.867 -83.756
weapon_mor_blaster	-531.427124 733.565735 49.961163	2.513 -20.194 -84.634
weapon_mor_scarm8	-999.930420 -3809.054688 33.222172	0.458 9.318 84.233
weapon_mor_scarm8	-635.949585 -2435.849121 1.989020	7.471 -4.089 -32.213
weapon_mor_scarm8	9.311495 -1606.178955 17.238708	0.437 9.311 84.517
weapon_mor_scarm8	29.639910 1434.725952 33.243500	0.376 9.321 84.672
weapon_mor_scarm8	-811.256653 657.056824 49.250854	0.348 9.321 84.823
weapon_mor_scarm8	-811.179260 687.141907 49.276470	0.471 7.905 85.147
item_ammo_pistol_mor	-959.846497 -2787.533936 32.486198	0.000 0.639 0.081
item_ammo_pistol_mor	-953.606384 -2772.864014 32.482475	-0.014 -0.748 0.110
item_ammo_pistol_mor	-943.545227 -2789.218994 35.285374	89.754 179.934 -179.997
item_ammo_pistol_mor	-953.731384 -2791.260742 32.360691	-0.774 0.152 -0.003
item_ammo_pistol_mor	-967.669006 -2859.104736 32.328197	-0.149 -0.018 -0.045
item_ammo_pistol_mor	-961.674133 -2846.053711 32.411667	-0.378 0.035 -0.168
item_ammo_pistol_mor	-954.814514 -2866.235107 32.352112	-0.128 -0.019 -0.039
item_ammo_pistol_mor	-963.976074 -2824.592285 32.374561	-0.109 -0.020 -0.033
item_ammo_pistol_mor	-951.443420 -2825.234375 32.358608	-0.122 -0.019 -0.037
item_ammo_pistol_mor	-945.431702 -2839.314941 32.411728	-0.402 -0.002 -0.220
item_ammo_pistol_mor	796.142212 -3082.609375 0.335752	-0.142 -0.019 -0.043
item_ammo_pistol_mor	797.842102 -3061.585449 0.383595	-0.101 -0.019 -0.030
item_ammo_pistol_mor	905.343445 -1919.583008 104.485580	-0.565 -0.314 -0.097
item_ammo_pistol_mor	899.335266 -1918.617920 104.497345	-0.003 -0.050 -0.001
item_ammo_pistol_mor	927.137024 -1919.784546 107.350372	-88.870 -175.809 179.462
item_ammo_pistol_mor	909.706604 -1921.338623 119.617561	22.973 179.737 178.459
item_ammo_pistol_mor	1420.311279 -1356.626221 16.442665	0.532 1.379 0.062
item_ammo_pistol_mor	1374.321411 -1361.689331 3.347917	-89.436 -107.586 -179.185
item_ammo_pistol_mor	1420.622192 -1492.394775 16.459871	-0.782 -0.188 0.000
item_ammo_pistol_mor	1420.052124 -1491.529541 27.916479	-0.310 -0.525 0.034
item_ammo_pistol_mor	711.782715 -1344.436646 0.406942	-0.080 -0.020 -0.024
item_ammo_pistol_mor	717.197998 -1362.816284 0.445789	-0.607 0.116 -0.525
item_ammo_pistol_mor	731.584412 -1379.345093 0.362778	-0.119 -0.019 -0.036
item_ammo_pistol_mor	-882.349487 850.250549 48.430931	0.354 -0.778 0.162
item_ammo_pistol_mor	-871.843506 850.793457 48.345314	-0.134 -0.019 -0.041
item_ammo_pistol_mor	-861.120667 850.927979 48.356476	-0.124 -0.019 -0.038
item_ammo_pistol_mor	-840.315857 851.188721 48.342979	-0.136 -0.019 -0.041
item_ammo_pistol_mor	-848.748962 850.421875 48.432896	-0.058 -0.020 -0.017
item_ammo_pistol_mor	-892.067871 852.321716 48.442314	0.211 -0.120 0.071
weapon_mor_m20	-950.321655 -2948.644287 34.674721	2.804 -10.517 -85.701
weapon_mor_m20	987.867859 -2879.983398 34.646851	3.816 11.919 -83.088
weapon_mor_m20	-681.201660 661.098816 50.690285	3.643 -11.163 -83.902
weapon_mor_m20	-682.688171 687.024597 50.697037	3.617 -11.170 -84.038
weapon_medkit	870.535950 -3788.158691 33.415794	-39.607 -0.013 0.925
weapon_medkit	896.075623 -3784.499023 33.394279	-37.503 -0.275 1.520
weapon_medkit	-156.102173 -3210.943848 29.392363	-38.483 -0.695 1.394
weapon_medkit	-156.168289 -3179.164307 29.408714	-39.386 -0.428 1.049
weapon_medkit	-156.222351 -3145.338867 29.386139	-37.989 -0.777 1.545
weapon_medkit	-156.288345 -3107.629150 29.419647	-40.205 0.033 0.774
weapon_medkit	-156.538803 -3251.105957 29.420565	-40.659 0.080 0.682
weapon_medkit	-156.036346 -3288.019775 29.402384	-39.290 -0.558 1.143
weapon_medkit	-955.748657 -2722.152344 33.490562	-41.001 -1.260 -0.179
weapon_medkit	-940.873352 -2723.373047 32.427505	-43.154 -157.972 164.063
weapon_medkit	474.947662 -2900.684814 1.426175	-38.336 -2.037 1.008
weapon_medkit	432.959076 -1350.660522 1.583430	-39.485 -0.875 -0.854
weapon_medkit	452.525848 -1342.976318 1.600603	-39.203 -0.807 -0.976
weapon_medkit	-978.194519 -1549.403687 1.474552	-39.600 2.620 0.201
weapon_medkit	-994.112427 -2173.542725 5.257598	46.872 -1.729 -15.683
weapon_medkit	-245.050629 1106.928711 1.561407	-39.846 -0.515 -0.696
weapon_medkit	233.424866 1103.449097 1.402852	-39.329 -0.550 1.130
weapon_mor_lz400	-874.377747 956.288269 48.496758	-2.336 -18.120 85.779
weapon_mor_lz400	-879.732849 705.504089 48.493847	-2.350 -18.119 85.784
weapon_frag	-94.210297 -2487.909912 2.000000	0.000 0.000 0.000
weapon_frag	37.450092 -3331.606689 3.527830	1.789 0.265 -0.745
weapon_frag	17.001970 -3326.542725 3.514199	1.988 0.270 -0.828
weapon_frag	974.553833 -1689.305542 107.524391	1.819 0.227 -0.762
weapon_frag	971.867615 -1707.113647 107.585831	0.922 0.223 -0.386
weapon_frag	433.856293 -1895.375000 3.522437	1.988 0.239 -0.628
weapon_frag	-1379.634644 -1854.064209 18.152273	37.667 -49.532 89.283
weapon_frag	-1154.124268 -1989.306763 2.020820	-9.395 8.558 93.410
weapon_frag	-770.564514 660.735168 51.526272	1.792 0.230 -0.751
weapon_frag	-769.740967 676.395325 51.552719	1.407 0.226 -0.589
weapon_frag	-767.331909 691.380981 51.555588	1.365 0.225 -0.572
item_ammo_revolver_mor	-966.478699 -2981.443115 32.354309	-0.126 -0.019 -0.038
item_ammo_revolver_mor	-957.752380 -2980.901367 32.411011	-0.077 -0.020 -0.023
item_ammo_revolver_mor	-947.345520 -2981.772461 32.390347	-0.095 -0.020 -0.029
item_ammo_revolver_mor	-938.697388 -2981.315674 32.381844	-0.102 -0.020 -0.031
item_ammo_revolver_mor	-966.729187 -2919.814941 32.456879	-0.037 -0.020 -0.011
item_ammo_revolver_mor	-958.822205 -2920.030762 32.333267	-0.145 -0.018 -0.044
item_ammo_revolver_mor	-948.607788 -2920.823730 32.393574	-0.092 -0.020 -0.028
item_ammo_revolver_mor	-935.306335 -2922.496338 32.325596	-0.151 -0.018 -0.046
item_ammo_revolver_mor	995.266785 -2832.207520 32.364819	-0.117 -0.019 -0.035
item_ammo_revolver_mor	996.661316 -2852.434570 32.435814	-0.055 -0.020 -0.017
item_ammo_revolver_mor	984.670471 -2834.541504 32.368805	-0.114 -0.020 -0.034
item_ammo_revolver_mor	983.940918 -2855.038818 32.330753	-0.147 -0.018 -0.044
item_ammo_revolver_mor	1004.650513 -2895.673340 32.468273	-0.603 0.002 -0.393
item_ammo_revolver_mor	986.907410 -2896.539063 32.354309	-0.126 -0.019 -0.038
item_ammo_revolver_mor	1003.023315 -2892.720459 43.963684	-1.238 0.287 -0.333
item_ammo_revolver_mor	1004.651855 -2893.084473 55.480740	-1.612 0.009 -0.314
item_ammo_revolver_mor	1003.987061 -3049.224854 32.496983	0.014 1.826 0.007
item_ammo_revolver_mor	1003.706665 -3049.751709 44.066589	0.006 -2.814 0.009
item_ammo_revolver_mor	997.404480 -3046.286621 32.498692	0.000 2.978 0.000
item_ammo_revolver_mor	997.201111 -3050.286621 44.043995	-0.027 -3.021 0.171
item_ammo_revolver_mor	991.258423 -3050.381104 32.456600	-0.728 1.625 0.038
item_ammo_revolver_mor	990.847534 -3049.982666 44.006229	-1.622 -0.944 -0.084
item_ammo_revolver_mor	915.402405 -2072.366943 104.383591	-0.101 -0.020 -0.030
item_ammo_revolver_mor	917.692749 -2044.049438 104.349876	-0.130 -0.019 -0.039
item_ammo_revolver_mor	904.489380 -2034.484009 104.391968	-0.093 -0.020 -0.028
item_ammo_revolver_mor	911.130127 -2014.606812 104.349876	-0.130 -0.019 -0.039
item_ammo_revolver_mor	-509.464264 -1681.612549 32.356476	-0.124 -0.019 -0.038
item_ammo_revolver_mor	-511.596191 -1662.640137 32.469730	0.578 0.021 0.178
item_ammo_revolver_mor	-505.583069 -1646.056519 32.473583	1.217 0.964 0.231
item_ammo_revolver_mor	-764.650757 -1432.973022 0.395019	0.147 0.000 0.194
item_ammo_revolver_mor	-764.703735 -1432.508301 11.899340	-0.354 -0.254 0.475
item_ammo_revolver_mor	-1468.931885 -1546.048340 0.463730	0.703 1.072 0.000
item_ammo_revolver_mor	-1469.772095 -1546.608398 11.954961	1.329 -0.984 -0.035
item_ammo_revolver_mor	-1466.914063 -1565.732300 0.314813	-0.161 -0.017 -0.049
item_ammo_revolver_mor	-1462.690552 -2158.418213 0.340606	-0.138 -0.019 -0.042
item_ammo_revolver_mor	-1461.398438 -2139.968506 0.473387	1.245 0.352 0.238
item_ammo_revolver_mor	-1466.672363 -2123.089111 9.253912	0.749 -19.982 -87.578
item_ammo_revolver_mor	-1481.677734 -2166.814941 0.425054	-0.567 0.455 -0.661
item_ammo_revolver_mor	-878.591614 985.369385 48.381844	-0.102 -0.020 -0.031
item_ammo_revolver_mor	-863.282837 984.937378 48.482357	-0.334 -0.462 -0.002
item_ammo_revolver_mor	-849.327637 984.102722 48.485470	0.166 -3.337 0.032
item_ammo_revolver_mor	-872.164246 988.863037 48.366829	-0.115 -0.019 -0.035
item_ammo_revolver_mor	-856.809814 980.816467 48.441441	-1.156 -0.062 0.001
item_ammo_revolver_mor	-880.641113 931.015503 48.372673	-0.110 -0.020 -0.033
item_ammo_revolver_mor	-867.692688 930.660583 48.405548	-0.081 -0.020 -0.025
item_ammo_revolver_mor	-851.705505 930.160828 48.352112	-0.128 -0.019 -0.039
item_ammo_revolver_mor	-837.191467 930.114441 48.335754	-0.142 -0.019 -0.043
item_ammo_revolver_mor	-860.668701 932.054504 48.322964	-0.154 -0.018 -0.046
item_ammo_revolver_mor	-880.983032 738.766541 48.494839	-0.076 -2.213 0.000
item_ammo_revolver_mor	-865.274109 738.829224 48.483025	0.324 1.013 -0.003
item_ammo_revolver_mor	-871.582336 740.252869 48.338200	-0.140 -0.019 -0.042
item_ammo_revolver_mor	-856.350464 738.975647 48.459297	0.737 0.269 0.277
item_ammo_revolver_mor	-848.876099 742.653564 48.374878	-0.151 -0.018 -0.042
item_ammo_revolver_mor	-840.069458 653.001160 48.366829	-0.115 -0.019 -0.035
item_ammo_revolver_mor	-839.672668 674.033936 48.424442	-0.065 -0.020 -0.020
item_ammo_revolver_mor	-829.460510 653.090759 48.431904	0.932 0.053 0.133
item_ammo_revolver_mor	-830.317810 674.847595 48.404854	0.334 -1.690 0.438
item_ammo_revolver_mor	-718.028442 653.357483 48.493137	0.182 -0.422 0.059
item_ammo_revolver_mor	-712.012207 670.956238 48.494804	-0.737 1.585 -0.246
item_ammo_revolver_mor	-720.216980 691.954407 48.340607	-0.138 -0.019 -0.042
item_ammo_revolver_mor	-705.849243 653.989868 48.492134	0.132 -1.912 -0.003
item_ammo_revolver_mor	-706.270508 687.284790 48.475037	-0.462 1.247 -0.005
item_ammo_revolver_mor	-699.573181 666.051941 48.454556	1.491 1.614 0.195
item_ammo_revolver_mor	-529.953369 652.388489 48.486301	0.179 0.330 0.023
item_ammo_revolver_mor	-549.285828 653.997009 48.454689	0.001 -0.167 0.287
item_ammo_revolver_mor	-562.370972 654.270081 48.428795	-0.061 -0.020 -0.018
item_ammo_revolver_mor	-528.946655 675.254639 48.481052	0.062 -1.235 -0.104
item_ammo_revolver_mor	-546.549683 674.300537 48.495125	0.027 1.227 0.014
item_ammo_revolver_mor	-562.213867 673.161499 48.381844	-0.102 -0.020 -0.031
item_ammo_revolver_mor	-538.795349 649.209961 48.450310	-0.519 0.642 -0.483
item_ammo_revolver_mor	-539.065430 667.825562 48.434502	-0.209 0.214 -0.321
item_ammo_revolver_mor	-533.014832 693.693237 48.427349	-0.394 0.613 -0.592
item_ammo_revolver_mor	-546.197083 692.742737 48.428101	-0.474 0.444 -0.613
item_ammo_revolver_mor	-559.273010 691.648987 48.432232	-0.593 0.166 -0.618
player_start	2.545203 -3167.116211 0.549958	-0.048 -0.000 0.048
player_start	305.462433 -2936.259277 0.559085	-0.050 0.000 0.049
player_start	43.831367 -2943.492188 0.549491	-0.061 0.000 0.061
player_start	-74.134834 -2923.710449 0.561473	-0.047 0.000 0.046
player_start	-276.872040 -2937.802979 0.537635	-0.075 0.000 0.075
player_start	-289.022095 -3219.851807 0.547947	-0.063 0.000 0.063
player_start	-791.643433 -3236.402832 0.556547	-0.053 0.000 0.052
player_start	-998.568237 -3247.389648 0.547157	-0.064 0.000 0.064
player_start	-1175.366699 -3151.690918 0.539487	-0.073 0.000 0.073
player_start	-1172.984253 -2799.178223 0.561473	-0.047 0.000 0.046
player_start	-1197.177734 -2530.366943 0.543876	-0.068 0.000 0.068
player_start	-921.192078 -2528.403564 0.566348	-0.041 0.000 0.040
player_start	-716.791748 -2535.463623 0.536689	-0.077 0.000 0.076
player_start	-459.486755 -2532.380371 0.556547	-0.053 0.000 0.052
player_start	-163.905930 -2519.279541 0.557835	-0.051 0.000 0.051
player_start	75.822510 -2535.415039 0.540058	0.046 0.022 0.201
player_start	345.123291 -2554.598145 0.533761	-0.080 -0.000 0.080
player_start	589.434753 -2533.301270 0.553852	-0.056 0.000 0.055
player_start	810.680115 -2545.152344 0.541282	-0.071 0.000 0.071
player_start	1050.694824 -2542.226807 0.563172	-0.045 0.000 0.044
player_start	1239.153564 -2544.638916 0.553852	-0.056 0.000 0.055
player_start	1290.614746 -2333.285400 0.561473	-0.047 0.000 0.046
player_start	1293.878662 -2143.227783 0.542160	-0.070 0.000 0.070
player_start	1280.611816 -1931.253418 0.551721	-0.059 0.000 0.058
player_start	1288.443726 -1697.381348 0.555889	-0.054 0.000 0.053
player_start	1297.762939 -1457.562012 0.571896	-0.035 0.000 0.032
player_start	1294.228394 -1284.124878 0.535474	-0.216 -0.024 -0.050
player_start	1283.865845 -901.434326 0.535727	-0.078 -0.000 0.078
player_start	1283.943604 -547.325439 0.565838	-0.042 0.000 0.040
player_start	1296.239990 -326.809753 0.543876	-0.068 0.000 0.068
player_start	1330.669678 -28.226103 0.543876	-0.068 0.000 0.068
player_start	1062.679565 18.355070 0.542160	-0.070 0.000 0.070
player_start	851.373169 20.574289 0.542160	-0.070 0.000 0.070
player_start	489.438782 -7.142937 0.539486	-0.073 0.000 0.073
player_start	188.298325 -0.201248 0.550245	-0.060 0.000 0.060
player_start	-43.127983 24.185522 0.564783	0.042 0.000 0.042
player_start	-282.445953 19.415188 0.543025	-0.069 0.000 0.069
player_start	-521.004272 -4.094272 0.562048	-0.046 0.000 0.045
player_start	-842.985229 -11.647799 0.527493	-0.088 -0.000 0.088
player_start	-1123.542114 9.835217 0.536689	-0.077 0.000 0.076
player_start	-1223.423950 -276.830627 0.541282	-0.071 0.000 0.071
player_start	-1236.008667 -466.763275 0.548724	-0.062 0.000 0.062
player_start	-1234.504395 -681.735718 0.563172	-0.045 0.000 0.044
player_start	-1240.548096 -878.267578 0.531734	-0.083 -0.000 0.082
player_start	-1207.407593 -1264.945190 0.557532	-0.000 -0.224 -0.161
player_start	-1196.838623 -1414.825684 0.564796	-0.043 0.000 0.042
player_start	-1200.892212 -1629.268799 0.542160	-0.070 0.000 0.070
player_start	-1205.398071 -1810.994263 0.542160	-0.070 0.000 0.070
player_start	-1208.019775 -2009.128418 0.554542	-0.055 0.000 0.055
player_start	-1188.095459 -2287.630371 0.531736	-0.083 0.000 0.082
player_start	-642.490051 -1783.905884 0.534752	-0.079 -0.000 0.079
player_start	-615.507141 -1413.414551 0.558760	-0.139 -0.003 -0.029
player_start	-616.749023 -1214.205078 0.522988	-0.093 -0.000 0.093
player_start	-438.987793 -1214.550659 0.536690	-0.077 0.000 0.076
player_start	-235.003510 -1217.134033 0.535729	-0.078 0.000 0.078
player_start	-49.018612 -1219.532593 0.533762	-0.080 0.000 0.080
player_start	106.965965 -1221.547241 0.540392	-0.072 0.000 0.072
player_start	250.955002 -1223.403931 0.567831	-0.040 0.000 0.037
player_start	412.946350 -1225.489014 0.524140	-0.092 0.000 0.092
player_start	634.923706 -1228.357056 0.558466	-0.051 0.000 0.050
player_start	-173.567337 -1638.954102 0.523766	-0.182 -0.006 -0.056
player_start	187.050522 -1607.164307 0.490895	-0.011 -0.000 0.011
player_start	587.326111 -1612.507690 0.515571	-0.008 -0.000 0.008
player_start	-25.135084 1276.326538 0.564796	-0.043 0.000 0.042
player_start	-24.603634 1066.243042 0.544716	-0.067 0.000 0.067
player_start	465.105835 951.328857 0.528577	-0.086 -0.000 0.086
player_start	158.699188 946.174805 0.565839	-0.042 0.000 0.040
player_start	-600.243042 952.867310 0.553152	-0.057 0.000 0.056
player_start	-224.264679 954.697815 0.528577	-0.086 -0.000 0.086
player_start	-9.512127 677.074890 0.543876	-0.068 0.000 0.068
player_start	-4.592247 -2133.298584 0.563722	-0.044 0.000 0.043
weapon_mor_mars	926.295715 -2090.651855 105.127792	-0.390 17.408 86.945
weapon_mor_mars	-875.362122 647.472412 49.067997	-0.566 4.830 87.240
weapon_mor_mars	-870.380981 668.968079 49.135235	-0.379 17.410 87.122
weapon_mor_mars	-868.681641 657.163574 49.701660	2.546 11.059 81.503
