# morbus weapon/ammo placement overrides - Thank TTT for this lua code
# For map: mor_temple_v1
# Exported by: Demonkush
setting:	replacespawns 1
weapon_mor_ump	716.843872 -403.606964 0.778074	-0.558 -18.481 88.818
weapon_mor_ump	-609.516418 -633.773987 256.777252	-0.556 -18.481 88.814
weapon_mor_sc7	-416.188171 -645.578491 257.305603	0.238 -4.823 87.311
need_piss	2306.266357 -132.306030 37.002945	2.716 5.583 -23.803
need_piss	2175.898926 -128.261108 35.645782	0.081 -3.688 -23.407
need_piss	2054.250977 -126.353775 35.196838	2.423 6.233 -21.163
need_piss	1922.214844 -125.406479 34.790318	-0.045 -5.811 -22.055
need_piss	1926.545898 126.506607 35.159302	1.667 -4.211 21.559
need_piss	2053.158691 123.107368 34.502068	0.133 16.282 21.692
need_piss	2305.822754 124.593163 34.787853	0.158 10.250 22.124
mor_random_ammo	-1507.220215 1858.115723 32.343063	-0.048 -0.000 -0.021
mor_random_ammo	-1486.847656 1892.314697 32.445789	-1.668 -0.036 2.025
mor_random_ammo	-1170.190918 1863.623169 32.385933	-0.220 -0.001 0.209
mor_random_ammo	-1129.700073 1864.134521 32.374496	-0.112 -0.000 0.072
mor_random_ammo	-1227.192627 1865.368652 32.338379	-0.047 -0.000 -0.025
mor_random_ammo	431.371948 1885.640381 24.368532	-0.080 -0.000 0.033
mor_random_ammo	449.724060 1862.048462 24.348972	0.049 0.000 -0.014
mor_random_ammo	420.327606 1854.854980 24.476912	1.223 -0.020 1.717
mor_random_ammo	445.990753 1833.469360 24.327778	0.045 0.000 -0.030
mor_random_ammo	434.232819 1816.723022 24.376108	0.126 -0.000 -0.094
mor_random_ammo	438.453979 1837.205322 24.372675	0.104 -0.000 -0.065
mor_random_ammo	441.462860 1878.288818 24.385605	-0.207 0.001 -0.195
mor_random_ammo	44.364342 2513.044678 0.357643	-0.194 0.000 -0.148
mor_random_ammo	208.583344 2511.843506 0.326051	-0.047 -0.000 -0.032
mor_random_ammo	-2439.338867 108.540131 0.427844	1.477 0.035 1.792
mor_random_ammo	-2431.827637 100.210052 0.363504	0.071 0.000 0.018
mor_random_ammo	-2455.833984 81.432213 0.377844	0.149 0.001 0.120
mor_random_ammo	-275.728638 -602.256104 0.389104	0.417 0.003 0.452
mor_random_ammo	-263.366486 -624.890198 0.325314	0.047 0.000 -0.032
mor_random_ammo	-305.633911 -593.033875 0.431822	-0.176 -0.318 0.246
mor_random_ammo	-290.724854 -637.080872 0.392228	0.616 0.005 0.695
mor_random_ammo	-309.546967 -600.214294 0.381008	0.189 0.001 0.170
mor_random_ammo	-339.137695 -564.017456 0.394313	0.932 0.011 1.081
mor_random_ammo	74.576065 -1919.485596 32.376175	0.136 0.000 0.103
mor_random_ammo	84.543282 -1903.537109 32.376331	-0.122 0.000 -0.085
mor_random_ammo	77.010727 -1941.023926 32.435341	1.283 0.031 1.554
mor_random_ammo	84.013367 -1923.911377 32.452450	0.871 0.024 1.050
mor_random_ammo	76.299515 -1963.689941 32.337635	0.047 0.000 -0.025
mor_random_ammo	-23.368101 -2501.385986 8.325946	-0.045 -0.000 -0.031
mor_random_ammo	-32.900604 -2480.094482 8.354114	-0.053 -0.000 -0.008
mor_random_ammo	-17.571217 -2489.805176 8.378206	-0.130 -0.000 0.098
mor_random_ammo	218.250977 499.312134 248.322662	0.045 0.000 -0.032
mor_random_ammo	227.557678 512.778870 248.339920	0.046 0.000 -0.023
mor_random_ammo	216.941711 539.522278 248.367264	0.079 -0.000 -0.031
mor_random_ammo	224.970764 533.073364 248.379456	0.160 0.001 0.136
mor_random_ammo	213.834793 568.387878 248.354111	-0.052 -0.000 -0.008
mor_random_ammo	223.964859 570.094910 248.483475	-0.334 -0.018 0.402
mor_random_ammo	222.130875 552.515076 248.346786	0.048 -0.000 0.017
mor_random_ammo	-692.500916 -408.060333 256.394684	1.276 0.020 1.498
mor_random_ammo	-673.120056 -398.269226 256.436737	1.220 0.030 1.474
mor_random_ammo	806.050598 1438.041748 0.442424	-1.623 -0.036 1.960
mor_random_ammo	769.329163 1438.232178 0.345354	-0.049 -0.000 -0.019
mor_random_ammo	809.324097 1411.306396 0.322763	0.047 -0.000 0.033
mor_random_ammo	769.760864 1415.411743 0.318201	-0.047 -0.000 -0.035
mor_random_ammo	318.855164 1435.563721 0.414619	-1.261 -0.019 1.480
mor_random_ammo	357.776520 1434.524536 0.328591	-0.047 -0.000 -0.031
mor_random_ammo	316.798523 1405.570068 0.374485	-0.110 -0.000 0.070
mor_random_ammo	357.662506 1410.957397 0.382133	-0.173 -0.001 0.150
mor_random_ammo	747.090271 485.699249 0.363499	0.072 0.000 0.018
mor_random_ammo	761.996033 484.717621 0.372754	0.109 0.000 0.069
mor_random_ammo	812.223083 -165.180252 24.339920	0.046 0.000 -0.023
mor_random_ammo	1193.926636 573.913879 -179.560806	1.210 0.030 1.466
mor_random_ammo	1201.738525 1430.874146 0.431423	1.388 0.032 1.683
mor_random_ammo	1201.662720 1457.474121 0.346827	0.050 0.000 -0.017
mor_random_ammo	1234.547485 1454.087769 0.318202	-0.047 -0.000 -0.035
mor_random_ammo	1456.051880 1202.821411 0.335274	0.047 -0.000 0.027
mor_random_ammo	1457.301636 1229.317139 0.344586	0.049 0.000 -0.019
mor_random_ammo	1426.989502 1200.092285 0.342306	0.048 0.000 -0.022
mor_random_ammo	850.345947 -851.795227 192.393509	-0.350 -0.002 0.370
mor_random_ammo	-1213.719727 -1884.056030 32.331093	-0.047 -0.000 -0.029
mor_random_ammo	-1237.434326 -1880.588379 32.366646	-0.078 -0.000 0.027
mor_random_ammo	1.553614 -352.793457 0.335248	0.047 0.000 -0.027
mor_random_ammo	2608.362549 23.798006 48.361538	0.067 0.000 0.012
mor_random_ammo	2592.458252 12.510425 48.382355	0.214 -0.001 -0.201
mor_random_ammo	-490.129150 741.367859 0.342305	0.048 0.000 -0.022
mor_random_ammo	-514.712280 728.271606 0.351219	0.053 -0.000 0.011
mor_random_ammo	-528.110901 714.222107 0.389099	0.418 0.003 0.453
weapon_mor_vek	-1327.186646 1751.708496 1.113029	0.340 -3.093 88.749
weapon_mor_vek	584.476440 378.832672 5.094870	0.605 -3.088 88.486
item_ammo_smg1_mor	-1340.800171 1741.207153 0.484731	-0.879 0.002 -0.575
item_ammo_smg1_mor	-107.414604 1882.730835 8.422301	-0.475 0.004 0.307
item_ammo_smg1_mor	-92.840462 1883.640137 8.511052	-0.317 0.013 -0.267
item_ammo_smg1_mor	-2503.482178 -12.082747 0.437069	1.089 0.001 0.718
item_ammo_smg1_mor	-2480.699463 -11.069215 0.399280	0.153 -0.005 0.090
item_ammo_smg1_mor	-811.830933 -845.440918 0.414308	-0.019 -0.032 0.027
item_ammo_smg1_mor	-837.428223 -842.460449 0.506143	-0.299 0.025 -0.267
item_ammo_smg1_mor	-606.314636 -303.991028 0.519301	-0.065 -0.073 0.021
item_ammo_smg1_mor	-594.236084 -302.678040 0.544115	-0.077 -0.042 0.003
item_ammo_smg1_mor	-78.094139 -1929.200928 32.386410	-0.088 0.005 0.047
item_ammo_smg1_mor	-91.754013 -1929.672363 32.505062	-0.020 -0.015 -0.006
item_ammo_smg1_mor	1218.358276 -1880.657593 32.521107	0.240 -0.014 -0.203
item_ammo_smg1_mor	1220.639404 -1852.270752 32.420147	0.420 -0.004 0.270
item_ammo_smg1_mor	711.376587 -388.742828 0.391675	-0.110 0.005 0.061
item_ammo_smg1_mor	727.981079 -389.845581 0.510807	0.327 -0.011 -0.276
item_ammo_smg1_mor	332.318298 662.715942 256.396790	-0.136 0.005 0.079
item_ammo_smg1_mor	-624.765625 -662.531616 256.399292	0.153 0.005 -0.091
item_ammo_smg1_mor	-643.347534 -648.895081 256.514191	-0.273 -0.014 0.229
item_ammo_smg1_mor	1456.770508 1879.051147 32.523304	0.213 -0.016 -0.186
item_ammo_smg1_mor	1452.295410 1851.687622 32.389061	-0.099 0.005 0.054
item_ammo_smg1_mor	623.004944 380.617493 4.411568	-0.088 0.086 0.040
item_ammo_smg1_mor	-275.247833 696.953186 232.394241	0.122 -0.005 0.070
item_ammo_smg1_mor	-292.421387 697.144897 232.498581	-0.850 0.013 -0.636
item_ammo_smg1_mor	-443.277832 1838.694580 0.378204	-0.065 0.005 0.031
item_ammo_smg1_mor	-266.534363 -85.684998 10.411220	0.266 -0.005 0.167
item_ammo_smg1_mor	-290.282410 -85.973618 10.481691	-0.380 -0.001 -0.365
item_ammo_smg1_mor	441.764404 220.993698 24.413504	0.300 -0.005 0.190
item_ammo_smg1_mor	-381.347534 372.283936 0.537686	-0.108 0.215 -0.113
item_ammo_smg1_mor	-392.411713 352.587128 0.492010	0.585 -0.117 0.430
item_ammo_smg1_mor	459.968140 -295.448792 0.518848	-0.236 0.015 -0.207
item_ammo_smg1_mor	1718.757324 199.448547 0.389061	-0.098 0.005 0.053
item_ammo_smg1_mor	1741.784302 201.355957 0.502041	0.729 -0.011 -0.545
item_ammo_smg1_mor	1318.819092 -23.469748 0.514722	0.372 0.061 -0.295
item_ammo_smg1_mor	1294.519531 -21.847036 0.521452	0.222 -0.015 -0.194
item_ammo_smg1_mor	-449.518677 -260.476715 35.918827	0.194 -0.005 0.127
item_ammo_smg1_mor	-1018.918701 1336.400269 0.506676	-0.531 0.010 -0.417
item_ammo_smg1_mor	501.865753 481.054199 224.514633	0.258 -0.012 -0.226
mor_random_rifle	-1310.083984 1888.395020 32.861748	2.150 -5.702 83.924
mor_random_rifle	-1269.037354 1850.739624 32.864475	2.115 -5.692 83.897
mor_random_rifle	-2100.270752 -14.664527 -7.138252	2.150 -5.702 83.924
mor_random_rifle	-458.327057 -727.589722 -31.135275	2.112 -5.691 83.895
mor_random_rifle	86.570480 -2096.383789 32.860996	2.159 -5.102 83.931
mor_random_rifle	86.543816 -2168.095703 32.805328	2.050 -5.261 83.353
mor_random_rifle	1373.887817 -1869.675903 32.862240	2.143 -5.700 83.919
mor_random_rifle	297.656097 -743.797302 235.238663	-6.030 -4.069 88.946
mor_random_rifle	662.459351 596.718262 256.864716	2.112 -5.691 83.895
mor_random_rifle	576.136536 650.632080 256.851563	2.177 -4.563 84.052
mor_random_rifle	-563.140869 -649.536987 256.864380	2.116 -5.692 83.898
mor_random_rifle	-683.359009 -255.096649 256.865265	2.105 -5.690 83.889
mor_random_rifle	-720.687134 421.438416 0.857561	2.299 -1.949 84.101
mor_random_rifle	1346.011841 1620.181274 1.003740	2.056 -11.751 85.378
mor_random_rifle	26.759403 2092.385254 0.862240	2.143 -5.700 83.919
mor_random_rifle	231.832352 444.896667 8.850581	2.146 -6.171 83.990
mor_random_rifle	1733.939087 -190.951187 0.861747	2.150 -5.702 83.924
mor_random_rifle	2089.166260 -4.584368 0.862359	2.142 -5.699 83.918
mor_random_rifle	793.955505 -104.093452 0.863649	2.125 -5.693 83.905
mor_random_rifle	-476.692078 -447.289886 224.865189	2.106 -5.690 83.890
weapon_mor_p229	-1202.273438 1886.770630 32.188110	36.469 0.383 0.037
info_alien_spawn	52.374237 109.707375 1009.542786	-0.050 -0.000 0.050
info_alien_spawn	-42.948555 117.745140 1009.517700	0.251 -0.100 -0.050
info_alien_spawn	-107.564232 27.660009 1009.527222	-0.063 0.000 0.063
info_alien_spawn	-79.499184 -96.153389 1009.516663	-0.097 0.000 0.097
info_alien_spawn	53.387131 -104.454292 1009.519104	-0.070 -0.000 0.070
info_alien_spawn	101.538841 -36.061512 1009.533508	-0.058 0.000 0.058
info_alien_spawn	103.718178 47.062836 1009.520325	0.069 0.000 0.069
info_alien_spawn	-123.444725 322.123596 1025.516724	-0.072 -0.000 0.072
info_alien_spawn	-19.860794 331.084229 1025.539307	-0.053 0.000 0.053
info_alien_spawn	72.075745 353.039612 1025.501709	-0.085 0.000 0.085
info_alien_spawn	184.425385 323.822418 1025.512817	-0.076 0.000 0.076
info_alien_spawn	255.176575 248.148849 1025.435791	-3.574 0.071 2.811
info_alien_spawn	313.167755 160.630890 1025.516724	-0.072 -0.000 0.072
info_alien_spawn	356.173065 63.723991 1025.560791	-0.034 0.000 0.034
info_alien_spawn	376.921783 -60.121365 1025.526123	-0.064 0.000 0.064
info_alien_spawn	371.339783 -154.303482 1025.554443	-0.039 0.000 0.040
info_alien_spawn	304.165131 -242.348862 1025.552979	-0.041 -0.000 0.041
info_alien_spawn	231.855362 -290.139709 1025.529419	-0.061 -0.000 0.061
info_alien_spawn	129.352448 -302.962189 1025.555786	-0.038 0.000 0.038
info_alien_spawn	17.295641 -303.968231 1025.507446	-0.080 -0.000 0.080
info_alien_spawn	-92.390556 -285.025421 1025.531006	-0.169 -0.207 0.104
info_alien_spawn	-209.341217 -307.975037 1025.552979	0.041 0.000 0.041
info_alien_spawn	-317.522064 -179.290054 1025.538330	-0.053 0.000 0.053
info_alien_spawn	-332.638397 -109.233055 1025.525024	-0.065 -0.000 0.065
info_alien_spawn	-336.617401 -46.049843 1025.504639	-0.083 0.000 0.083
info_alien_spawn	-328.689453 43.729660 1025.568237	-0.027 -0.000 0.028
info_alien_spawn	-302.078094 119.422951 1025.546143	-0.047 -0.000 0.047
info_alien_spawn	-287.919678 217.884476 1025.537842	-0.229 0.021 0.104
info_alien_spawn	-203.219971 308.602203 1025.537476	-0.054 0.000 0.054
info_alien_spawn	-66.433022 337.267090 1025.555786	-0.038 0.000 0.038
info_alien_spawn	-100.621918 -43.041576 1009.522705	-0.067 0.000 0.067
info_alien_spawn	-95.571404 78.849014 1009.520325	-0.069 -0.000 0.069
info_alien_spawn	-10.437434 -104.195236 1009.532532	-0.059 0.000 0.059
info_alien_spawn	2.088236 113.142532 1009.535461	0.179 -0.037 -0.060
mor_random_weapon	1326.445190 1323.758789 25.206060	1.807 4.711 -92.753
mor_random_weapon	1326.477905 -1324.120117 25.230602	1.530 4.680 -93.388
mor_random_weapon	-1325.796875 -1330.281860 25.238073	1.445 4.667 -93.582
mor_random_weapon	-1329.189209 1326.042969 25.196125	1.919 4.718 -92.497
mor_random_weapon	-1474.524170 1869.733643 33.202061	1.852 4.715 -92.650
mor_random_weapon	79.876450 -1993.931885 33.210060	1.762 6.222 -92.857
mor_random_weapon	19.299824 -2488.708740 9.191580	1.934 5.710 -92.604
mor_random_weapon	-671.566467 -426.927521 257.227356	1.566 4.275 -93.304
mor_random_weapon	831.502625 1350.481079 9.180304	2.054 5.699 -92.357
mor_random_weapon	830.732361 1310.582764 9.213278	1.703 5.717 -93.078
mor_random_weapon	830.746643 1334.137329 9.169194	2.172 5.688 -92.115
mor_random_weapon	823.662109 1297.634155 9.225897	1.575 6.228 -93.316
mor_random_weapon	830.543030 1366.445923 9.200974	1.834 5.712 -92.809
mor_random_weapon	751.058594 452.781128 1.200644	1.868 4.716 -92.613
mor_random_weapon	-1211.842773 -1857.788330 33.207928	1.786 4.709 -92.802
mor_random_weapon	-444.688354 1896.571045 11.199183	1.884 4.716 -92.576
mor_random_weapon	-29.713062 -339.767517 1.207929	1.786 4.709 -92.802
mor_random_weapon	2579.931152 28.694277 49.227131	1.569 4.686 -93.298
item_ammo_battery_mor	-1203.679077 1850.131226 38.093361	0.025 -0.095 0.206
item_ammo_battery_mor	-1714.666138 187.854828 6.103350	0.023 -0.095 0.188
item_ammo_battery_mor	-669.653870 -333.347046 262.068359	0.031 -0.092 0.251
item_ammo_battery_mor	858.576233 482.700104 10.086373	0.009 0.020 0.509
item_ammo_battery_mor	618.469177 304.608765 10.107985	-0.079 0.012 0.348
item_ammo_battery_mor	168.446960 1880.214844 6.076575	0.029 -0.094 0.236
item_ammo_battery_mor	169.146149 1898.205688 6.106483	0.022 -0.096 0.183
item_ammo_battery_mor	-660.206604 -599.369995 262.078552	0.029 -0.094 0.232
item_ammo_buckshot_mor	443.509979 1986.992798 24.377663	0.305 0.003 -0.163
item_ammo_buckshot_mor	439.742981 2008.998169 24.469774	-0.332 -0.006 0.295
item_ammo_buckshot_mor	-1197.048096 -119.206383 4.507157	0.098 -6.428 0.010
item_ammo_buckshot_mor	-1204.549561 -118.898277 4.492071	-0.052 -6.438 0.008
item_ammo_buckshot_mor	687.722534 416.039246 256.398804	-0.923 -0.010 0.817
item_ammo_buckshot_mor	672.427979 443.284393 256.350464	0.838 0.002 -0.671
item_ammo_buckshot_mor	557.943604 165.719070 228.408524	0.056 -0.038 0.075
item_ammo_buckshot_mor	-1402.444458 -1859.351685 32.499130	-0.059 0.090 0.045
item_ammo_buckshot_mor	-1396.688354 -1888.354370 32.393024	-0.965 -0.004 0.856
weapon_mor_beretta	-442.851715 -279.986786 9.523860	87.057 -18.094 -50.795
need_food	257.501251 2243.578857 63.046497	-8.500 -89.159 -6.115
need_food	262.964050 2183.398193 18.293550	-0.000 89.884 -0.000
need_food	-11.364300 2247.102539 68.285591	-0.084 -90.036 0.028
need_food	6.115089 2176.996338 18.284000	-0.023 -90.125 -0.000
need_food	162.881104 1983.041992 58.281147	0.048 -98.089 -0.013
need_food	151.347855 2042.162842 30.131598	0.059 -91.656 180.000
need_food	-1.076088 1979.792114 58.271156	-0.110 85.920 0.007
need_food	-163.016373 1981.060913 70.159828	49.176 95.212 -16.057
need_food	-244.642593 2233.837891 55.859924	-1.484 95.247 6.129
need_food	6.656349 2045.176025 18.278082	-0.037 -86.380 0.000
need_food	-171.939621 2041.580933 18.194244	-0.038 91.810 -0.003
need_food	-253.223892 2182.990723 18.697556	-1.035 91.102 0.013
need_wash	-1861.261597 -160.325958 26.272381	-0.051 13.390 -0.000
need_wash	-2106.168213 -161.541138 26.272919	0.032 -14.593 0.015
need_wash	-2370.375000 -153.025650 26.251352	-0.037 -3.698 -0.069
need_wash	-2365.194824 157.530807 26.247360	-0.112 0.128 -0.000
need_wash	-2110.182129 158.422104 26.293550	0.000 0.292 0.000
need_wash	-1854.704712 159.032913 26.293550	-0.000 0.500 0.000
need_bed	-432.905518 -2220.210938 46.773144	11.497 -1.711 -0.364
need_bed	-371.414063 -2216.698242 42.186405	0.007 0.008 0.012
need_bed	-455.381378 -2050.327881 50.237572	0.126 0.164 -0.011
need_bed	-379.961243 -2046.657227 42.205341	0.021 0.009 0.009
need_bed	-432.536072 -1873.537476 46.660202	11.693 1.896 0.170
need_bed	-370.210266 -1872.925049 42.144299	0.022 0.011 0.018
need_bed	418.290802 -1875.121582 42.256401	0.075 0.044 0.013
need_bed	370.355682 -1874.628784 42.239037	-0.089 0.039 0.152
need_bed	429.629791 -2041.773193 46.396461	-10.467 2.423 -0.503
need_bed	375.061920 -2048.688965 42.287201	-0.075 -0.179 0.061
need_bed	427.775391 -2223.033691 42.282097	-0.024 -0.009 0.011
need_bed	379.863007 -2219.061523 42.261536	0.007 -0.011 -0.069
weapon_glowstick	-1370.064941 1872.314331 38.978436	-0.555 0.832 -0.122
weapon_glowstick	-1350.868774 1864.358643 38.972790	-0.581 0.834 -0.127
weapon_glowstick	-1365.135864 1844.725952 39.057102	-0.196 0.884 -0.043
weapon_glowstick	-1148.057617 1853.355713 38.987293	-0.514 0.844 -0.113
weapon_glowstick	-1201.918213 1189.775757 7.008791	-0.416 0.866 -0.091
weapon_glowstick	196.654984 2361.529053 6.976584	-0.563 0.832 -0.124
weapon_glowstick	-2271.156006 -135.036636 6.970853	-0.589 0.831 -0.129
weapon_glowstick	-2284.553467 -133.312317 7.062536	-0.171 0.884 -0.037
weapon_glowstick	-816.311035 162.961624 31.045223	2.087 0.046 1.441
weapon_glowstick	-635.279541 -258.911682 6.978438	-0.555 0.832 -0.122
weapon_glowstick	-625.277039 -257.714203 7.004562	-0.436 0.866 -0.096
weapon_glowstick	100.981010 -2509.344727 11.058800	1.735 0.035 1.250
weapon_glowstick	93.041016 -2512.722656 11.014591	-0.155 0.100 2.972
weapon_glowstick	1420.408447 -1882.456909 38.970852	-0.589 0.831 -0.129
weapon_glowstick	1410.450439 -1860.296021 38.954224	-0.665 0.796 -0.146
weapon_glowstick	470.679230 -853.178040 6.937266	0.459 -0.827 0.627
weapon_glowstick	625.832825 -1070.710938 199.017944	-0.375 0.873 -0.082
weapon_glowstick	464.364899 -1064.325195 199.023911	-0.347 0.876 -0.076
weapon_glowstick	678.170105 227.938217 263.020386	-0.363 0.874 -0.080
weapon_glowstick	660.611572 212.484207 262.947449	-0.696 0.766 -0.153
weapon_glowstick	233.237717 501.393616 295.046021	-1.394 0.669 0.614
weapon_glowstick	-227.811890 -474.095001 240.949738	-0.685 0.793 -0.150
weapon_glowstick	-205.092194 -478.901489 240.987274	-0.514 0.844 -0.113
weapon_glowstick	-661.444458 -198.735840 262.978424	-0.555 0.832 -0.122
weapon_glowstick	-821.118835 843.269348 11.008681	-0.164 0.104 3.157
weapon_glowstick	-79.000999 854.774353 16.996662	0.292 -0.894 0.398
weapon_glowstick	-92.578522 858.576172 16.948252	0.358 0.006 0.689
weapon_glowstick	-84.786339 873.606689 16.972286	0.361 -0.879 0.492
weapon_glowstick	268.844574 1230.330811 11.043379	0.473 -0.095 3.270
weapon_glowstick	275.904449 1229.431885 11.018485	0.593 -0.069 4.281
weapon_glowstick	271.562012 1237.881226 10.955842	0.407 -0.860 0.555
weapon_glowstick	1483.132813 1873.573853 38.976585	-0.563 0.832 -0.124
weapon_glowstick	1510.637085 1856.010620 38.960701	-0.636 0.815 -0.139
weapon_glowstick	1045.265015 530.351746 -189.867844	-13.188 -62.688 -90.000
weapon_glowstick	1190.212280 560.320435 -172.975250	0.213 -0.911 0.290
weapon_glowstick	-475.510742 -2186.329346 6.960700	-0.636 0.815 -0.139
weapon_glowstick	463.870728 -2212.430664 39.032509	2.500 0.062 1.803
weapon_glowstick	475.248901 -1908.202515 6.964854	-0.617 0.816 -0.135
weapon_glowstick	-1201.659058 -1442.421265 6.983831	-0.530 0.845 -0.116
weapon_glowstick	-1212.371338 -1455.108521 6.935447	-0.751 0.728 -0.165
weapon_glowstick	-1504.177490 -1864.892456 38.945122	-0.707 0.765 -0.155
weapon_glowstick	-1520.563477 -1848.846802 38.958572	-0.645 0.795 -0.141
weapon_glowstick	-1160.823975 -1875.933472 38.949741	-0.686 0.793 -0.150
weapon_glowstick	-1136.238403 -1853.142578 39.001633	-0.449 0.861 -0.098
weapon_glowstick	-6.547417 1852.156982 17.060057	0.113 -0.918 0.154
weapon_glowstick	226.589020 -464.356354 10.972285	0.361 -0.879 0.492
weapon_glowstick	431.442688 -193.335007 16.942127	0.446 -0.842 0.608
weapon_glowstick	439.412201 -204.317993 17.040001	0.169 -0.915 0.231
weapon_glowstick	2582.689209 -34.168800 54.972794	-0.581 0.834 -0.127
weapon_glowstick	2478.100098 76.910988 7.012835	-0.398 0.871 -0.087
weapon_glowstick	2444.875000 90.867424 6.988985	-0.507 0.853 -0.111
weapon_glowstick	-1583.731079 194.409103 7.055393	1.830 0.038 1.319
weapon_glowstick	594.916992 479.157684 7.084419	0.686 0.013 0.494
weapon_mor_zx9	118.914795 2434.272949 5.079568	-2.739 -0.946 0.221
weapon_mor_zx9	-2500.367432 41.011337 5.049908	-2.771 -0.951 0.336
weapon_mor_zx9	-653.864136 -636.282166 13.043158	-2.779 -0.952 0.362
weapon_mor_zx9	536.697021 -1052.736694 205.063522	-2.730 -0.414 0.450
weapon_mor_zx9	-311.502502 -652.651672 261.084442	-2.733 -0.946 0.202
weapon_mor_zx9	284.747833 1296.864014 12.960382	-11.404 -2.323 -0.308
weapon_mor_zx9	285.782104 1334.561523 12.984423	-11.725 -1.965 -0.227
weapon_mor_zx9	284.319611 1366.646484 12.999967	-11.219 -2.306 -0.093
weapon_mor_zx9	1318.398804 1866.867920 33.062424	-2.731 -0.414 0.457
weapon_mor_zx9	610.190613 524.475525 9.144508	-2.535 -2.960 0.403
weapon_mor_zx9	-2588.498779 -26.733795 53.028023	-2.795 -0.954 0.421
weapon_mor_zx9	-2596.457031 28.614513 53.026379	-2.797 -0.953 0.427
weapon_mor_m418	823.105164 -814.222656 11.210361	1.539 2.748 82.876
weapon_mor_blaster	-1725.966797 165.092850 0.818430	2.209 -18.342 -83.764
weapon_mor_blaster	-686.584839 -347.514130 256.822968	2.211 -18.361 -83.811
weapon_mor_blaster	588.189331 299.065277 4.853012	2.223 -18.473 -84.119
weapon_mor_scarm8	437.459137 1963.647827 26.216629	-5.685 8.644 88.119
weapon_mor_scarm8	-1208.360474 -107.369637 23.943142	47.728 -3.695 81.825
weapon_mor_scarm8	676.564270 483.761414 257.257568	0.322 9.321 84.961
weapon_mor_scarm8	566.629089 157.454407 239.941132	-63.073 14.038 79.574
weapon_mor_scarm8	-1443.431641 -1873.103516 33.235424	0.407 9.320 84.506
item_ammo_pistol_mor	-1598.098267 1741.976685 0.383597	-0.101 -0.020 -0.030
item_ammo_pistol_mor	-1603.574097 1775.494995 0.342978	-0.136 -0.019 -0.041
item_ammo_pistol_mor	-1585.994385 1772.568237 0.320289	-0.156 -0.017 -0.047
item_ammo_pistol_mor	-2505.835449 -58.002579 0.385324	-0.099 -0.020 -0.030
item_ammo_pistol_mor	-2516.068848 -36.404228 0.354311	-0.126 -0.019 -0.038
item_ammo_pistol_mor	-2496.598145 -35.921310 0.325601	-0.151 -0.018 -0.046
item_ammo_pistol_mor	-708.893311 172.572189 24.385323	-0.099 -0.020 -0.030
item_ammo_pistol_mor	-726.525513 170.048157 24.402687	-0.084 -0.020 -0.025
item_ammo_pistol_mor	-104.487885 -2185.850830 0.354311	-0.126 -0.019 -0.038
item_ammo_pistol_mor	-102.900291 -2154.087158 0.360711	-0.121 -0.019 -0.036
item_ammo_pistol_mor	-102.787315 -2124.208984 0.362781	-0.119 -0.019 -0.036
item_ammo_pistol_mor	-103.207191 -2088.402588 0.372673	-0.110 -0.020 -0.033
item_ammo_pistol_mor	-70.297325 -2132.706543 32.335751	-0.142 -0.019 -0.043
item_ammo_pistol_mor	-70.652092 -2177.003174 32.333275	-0.145 -0.018 -0.044
item_ammo_pistol_mor	-69.869423 -2077.326416 32.423309	-0.066 -0.020 -0.020
item_ammo_pistol_mor	1485.115356 -1879.981201 32.364819	-0.117 -0.019 -0.035
item_ammo_pistol_mor	1502.933350 -1860.099731 32.390350	-0.095 -0.020 -0.029
item_ammo_pistol_mor	1452.846558 -1872.532959 32.404129	-0.083 -0.020 -0.025
item_ammo_pistol_mor	1477.775635 -1850.456543 32.383598	-0.101 -0.020 -0.030
item_ammo_pistol_mor	507.442413 653.873352 256.383606	-0.101 -0.020 -0.030
item_ammo_pistol_mor	476.073517 649.203918 256.442139	-0.049 -0.020 -0.015
item_ammo_pistol_mor	527.763306 650.400024 256.442139	-0.049 -0.020 -0.015
item_ammo_pistol_mor	409.766266 644.448914 256.401215	-0.085 -0.020 -0.026
item_ammo_pistol_mor	-1289.574951 -1744.410767 0.391974	-0.093 -0.020 -0.028
item_ammo_pistol_mor	-1318.785767 -1742.448364 0.372673	-0.110 -0.020 -0.033
item_ammo_pistol_mor	-1358.754883 -1746.315918 0.370754	-0.112 -0.020 -0.034
item_ammo_pistol_mor	-247.877502 1590.203735 48.333275	-0.145 -0.018 -0.044
item_ammo_pistol_mor	-460.267670 -296.873962 8.417109	-0.238 -0.061 0.017
item_ammo_pistol_mor	2409.323730 -97.913567 0.360711	-0.121 -0.019 -0.036
weapon_mor_m20	-2201.041748 134.636673 2.691751	3.637 -11.164 -83.931
weapon_mor_medkit	-1422.724487 1882.916382 32.481419	-0.852 -0.264 0.032
weapon_mor_medkit	-1434.261353 1848.143311 32.484703	-0.775 -0.277 0.042
weapon_mor_medkit	445.322357 1968.541626 64.449471	-0.350 1.402 -0.476
weapon_mor_medkit	59.826134 2362.650391 0.480761	-0.867 -0.264 0.030
weapon_mor_medkit	-2307.670898 -135.844681 0.482678	-0.822 -0.269 0.036
weapon_mor_medkit	161.094955 -726.914307 24.426788	-1.841 2.065 0.092
weapon_mor_medkit	168.596558 -751.040161 24.444908	-1.485 2.038 0.093
weapon_mor_medkit	78.025078 -2281.735596 4.434435	-0.116 0.623 0.270
weapon_mor_medkit	1433.194092 -1846.104370 32.487717	-0.704 -0.281 0.051
weapon_mor_medkit	1205.855591 -1454.988647 0.481093	-0.860 -0.264 0.031
weapon_mor_medkit	666.300049 316.067291 256.477539	-0.943 -0.246 0.019
weapon_mor_medkit	678.838318 258.437134 256.486786	-0.726 -0.279 0.048
weapon_mor_medkit	-220.548203 -500.310211 234.484421	-0.781 -0.274 0.041
weapon_mor_medkit	274.559784 1426.530151 4.438628	-1.292 -1.512 0.338
weapon_mor_medkit	267.119202 1421.519043 4.502969	-0.344 -3.027 0.101
weapon_mor_medkit	849.699280 1428.897583 4.478926	-0.360 -1.732 -0.163
weapon_mor_medkit	844.478333 1421.546631 6.282208	-87.387 -10.027 17.934
weapon_mor_medkit	1152.539063 1858.319092 32.490974	-0.627 -0.284 0.061
weapon_mor_medkit	864.888611 387.659149 4.428002	-0.790 -0.211 -0.461
weapon_mor_medkit	1191.386841 591.044312 -179.517029	-0.815 -0.269 0.036
weapon_mor_medkit	141.152420 -1276.894531 8.502871	-0.347 -0.692 0.098
weapon_mor_medkit	-1170.432861 -1855.505737 32.490791	-0.631 -0.284 0.061
weapon_mor_medkit	10.844171 1839.126587 10.478662	-0.917 -0.256 0.023
weapon_mor_medkit	2598.299805 -26.612253 48.490421	-0.640 -0.284 0.060
mor_random_pistol	-161.663116 1867.430786 8.970294	1.734 -19.211 -86.259
mor_random_pistol	-144.289810 1887.630249 8.970131	1.608 -19.248 -86.478
mor_random_pistol	-130.583847 1868.188599 8.970564	1.953 -19.140 -85.877
mor_random_pistol	-2449.383057 -78.119911 0.930615	2.253 -18.502 -84.915
mor_random_pistol	-2488.442139 -71.922279 0.835816	2.216 -18.398 -83.943
mor_random_pistol	-2475.396973 -52.795963 0.827389	2.213 -18.357 -83.856
mor_random_pistol	-92.523117 -2078.481934 32.975979	2.514 -18.572 -85.306
mor_random_pistol	-79.131760 -2102.273438 32.854782	2.224 -18.471 -84.137
mor_random_pistol	-87.541252 -2118.178223 32.875511	2.232 -18.490 -84.350
mor_random_pistol	-78.006584 -2157.998047 32.825199	2.212 -18.358 -83.834
mor_random_pistol	-81.339935 -2193.836914 32.970776	2.077 -18.786 -85.667
mor_random_pistol	1247.708984 -1870.954712 32.856525	2.224 -18.472 -84.155
mor_random_pistol	1286.761597 -1882.474487 32.856525	2.224 -18.472 -84.155
mor_random_pistol	1294.727783 -1861.518555 32.853012	2.223 -18.473 -84.119
mor_random_pistol	1332.635864 -1883.837891 32.872581	2.230 -18.491 -84.320
mor_random_pistol	381.256073 640.949829 256.869568	2.229 -18.490 -84.289
mor_random_pistol	441.579346 657.978271 256.841797	2.219 -18.436 -84.004
mor_random_pistol	448.594452 641.915649 256.849396	2.221 -18.466 -84.082
mor_random_pistol	-669.143372 -570.190247 256.843750	2.219 -18.440 -84.024
mor_random_pistol	-695.095276 -548.318848 256.845642	2.220 -18.437 -84.044
mor_random_pistol	-666.166199 -528.301147 256.835114	2.145 -21.562 -84.013
mor_random_pistol	1191.384766 1854.075928 32.822979	2.211 -18.361 -83.811
mor_random_pistol	1226.890503 1886.508057 32.858238	2.225 -18.487 -84.173
mor_random_pistol	1241.304077 1864.079834 32.874058	2.231 -18.489 -84.335
mor_random_pistol	-1363.738525 -1868.486938 32.893612	2.701 -22.102 -84.418
mor_random_pistol	-1311.115234 -1879.958862 32.829540	2.214 -18.387 -83.878
mor_random_pistol	-1297.637573 -1856.924438 32.854782	2.224 -18.471 -84.137
mor_random_pistol	-226.983780 1591.262329 48.854786	2.224 -18.471 -84.137
mor_random_pistol	2479.039307 -66.752983 0.887650	2.236 -18.491 -84.474
mor_random_pistol	2450.628662 -87.975426 0.859934	2.226 -18.489 -84.190
mor_random_pistol	2436.035889 -70.563339 0.847538	2.221 -18.438 -84.063
mor_random_pistol	610.845642 418.343323 0.874053	2.231 -18.489 -84.335
mor_random_pistol	578.027588 439.175659 0.849389	2.221 -18.466 -84.082
mor_random_pistol	610.887573 456.145874 0.820720	2.210 -18.356 -83.788
mor_random_pistol	-1025.300415 338.984619 0.820725	2.210 -18.356 -83.788
mor_random_pistol	-1285.056030 -168.801346 8.853013	2.223 -18.473 -84.119
mor_random_smg	-103.417732 1867.532837 8.788408	0.264 -4.340 84.203
mor_random_smg	-2490.904297 1.643489 1.094473	0.275 6.177 -87.234
mor_random_smg	-817.070496 -820.257324 1.095818	0.271 6.162 -87.277
mor_random_smg	-612.351746 -286.218536 1.094555	0.272 6.177 -87.230
mor_random_smg	-84.290939 -1914.337158 33.096336	0.208 4.917 -87.152
mor_random_smg	-84.702278 -1978.980103 33.096336	0.208 1.051 -87.152
mor_random_smg	-85.942528 -2010.334961 32.940281	0.585 -6.964 -86.337
mor_random_smg	1178.988281 -1881.453491 33.094296	0.281 6.176 -87.242
mor_random_smg	289.490936 650.587280 257.094391	0.278 6.176 -87.238
mor_random_smg	682.088135 518.669373 257.094177	0.286 6.175 -87.247
mor_random_smg	-686.499207 -477.319092 257.093262	0.318 6.183 -87.287
mor_random_smg	-509.153625 -652.404175 257.093811	0.298 6.174 -87.263
mor_random_smg	1421.503296 1866.264404 33.093853	0.297 6.174 -87.261
mor_random_smg	-1259.752075 -1867.690796 33.059490	0.155 6.372 -87.072
mor_random_smg	-287.587036 742.024902 231.483566	-7.531 0.812 -1.540
mor_random_smg	-447.755798 1812.351563 0.989199	1.195 6.202 -86.458
mor_random_smg	-275.139587 -66.097412 11.094033	0.290 6.175 -87.253
mor_random_smg	441.605652 265.686859 23.440018	-7.314 0.724 -1.991
mor_random_smg	-410.357727 324.149628 1.092940	0.330 6.191 -87.302
mor_random_smg	447.584778 -267.814484 1.094938	0.258 6.168 -87.214
mor_random_smg	1685.652466 195.834427 1.093574	0.307 6.174 -87.273
mor_random_smg	1304.299561 6.960394 1.094295	0.281 6.176 -87.242
mor_random_smg	-440.519989 -306.114594 36.593376	0.314 0.362 -87.282
mor_random_smg	-1023.266907 1359.466919 1.094168	0.286 6.175 -87.247
mor_random_smg	493.354614 446.545746 225.093613	0.305 6.174 -87.272
item_ammo_revolver_mor	-1284.271362 1880.353760 32.347614	-0.132 -0.019 -0.040
item_ammo_revolver_mor	-1261.783936 1881.114136 32.368805	-0.114 -0.020 -0.034
item_ammo_revolver_mor	-1239.296753 1881.874512 32.385323	-0.099 -0.020 -0.030
item_ammo_revolver_mor	-2096.639893 2.501697 -7.619935	-0.104 -0.020 -0.031
item_ammo_revolver_mor	-2113.934082 5.312292 -7.639289	-0.121 -0.019 -0.036
item_ammo_revolver_mor	-2172.350830 136.572510 0.322965	-0.154 -0.018 -0.046
item_ammo_revolver_mor	-443.758636 -712.241882 -31.593058	-0.080 -0.020 -0.024
item_ammo_revolver_mor	-471.011200 -709.156128 -31.654692	-0.134 -0.019 -0.041
item_ammo_revolver_mor	72.831902 -2187.949951 32.338196	-0.140 -0.019 -0.042
item_ammo_revolver_mor	82.605194 -2190.215088 32.408318	-0.079 -0.020 -0.024
item_ammo_revolver_mor	73.158730 -2139.521973 32.320290	-0.156 -0.017 -0.047
item_ammo_revolver_mor	86.952576 -2140.727539 32.364819	-0.117 -0.019 -0.035
item_ammo_revolver_mor	74.490341 -2076.528076 32.388699	-0.096 -0.020 -0.029
item_ammo_revolver_mor	82.532066 -2076.950684 32.366829	-0.115 -0.019 -0.035
item_ammo_revolver_mor	1149.259521 -1854.024170 32.404129	-0.083 -0.020 -0.025
item_ammo_revolver_mor	1121.758301 -1848.496460 32.370052	-0.073 0.008 -0.013
item_ammo_revolver_mor	834.299255 -835.775024 10.393576	-0.092 -0.020 -0.028
item_ammo_revolver_mor	814.555176 -836.336060 10.401226	-0.085 -0.020 -0.026
item_ammo_revolver_mor	279.221741 -714.615662 232.317566	-0.158 -0.017 -0.048
item_ammo_revolver_mor	295.920532 -715.592041 232.408310	-0.079 -0.020 -0.024
item_ammo_revolver_mor	284.152679 -688.161804 232.419800	-0.069 -0.020 -0.021
item_ammo_revolver_mor	690.073730 556.662598 256.438599	-0.053 -0.020 -0.016
item_ammo_revolver_mor	666.534851 566.350098 256.385315	-0.099 -0.020 -0.030
item_ammo_revolver_mor	625.652954 655.047729 256.380066	-0.104 -0.020 -0.031
item_ammo_revolver_mor	609.053162 632.190247 256.382843	0.033 -0.029 -0.002
item_ammo_revolver_mor	-439.697845 -659.327637 256.347626	-0.132 -0.019 -0.040
item_ammo_revolver_mor	-456.800385 -656.583557 256.354309	-0.126 -0.019 -0.038
item_ammo_revolver_mor	-705.119568 395.024414 0.385324	-0.099 -0.020 -0.030
item_ammo_revolver_mor	-726.174133 393.106537 0.381845	-0.102 -0.020 -0.031
item_ammo_revolver_mor	6.193110 2117.673340 0.498690	0.000 25.406 0.000
item_ammo_revolver_mor	115.556755 2167.984619 3.345393	89.084 20.910 -178.507
item_ammo_revolver_mor	267.603973 447.973267 8.325598	-0.151 -0.018 -0.046
item_ammo_revolver_mor	289.248749 443.522949 8.342976	-0.136 -0.019 -0.041
item_ammo_revolver_mor	1676.243408 -192.897537 0.404128	-0.083 -0.020 -0.025
item_ammo_revolver_mor	1693.586060 -195.504730 0.427731	-0.062 -0.020 -0.019
item_ammo_revolver_mor	2074.560791 15.816277 0.444632	-0.047 -0.020 -0.014
item_ammo_revolver_mor	2099.798584 13.547029 0.364819	-0.117 -0.019 -0.035
item_ammo_revolver_mor	738.694214 -112.985161 0.362781	-0.119 -0.019 -0.036
item_ammo_revolver_mor	-486.268341 -423.965240 224.388702	-0.096 -0.020 -0.029
weapon_frag	-168.531006 -337.041992 2.000000	0.000 0.000 0.000
weapon_frag	-166.740005 295.437012 2.000000	0.000 0.000 0.000
weapon_frag	-1254.198853 1401.535645 -13.813407	-37.812 -48.503 -92.384
weapon_frag	-1224.636353 1431.763916 -14.048257	-35.922 -51.437 -87.287
weapon_frag	-1245.807617 1424.561035 -13.843286	-37.579 -48.915 -91.709
weapon_frag	171.192917 1290.111450 10.112587	-36.004 -56.482 -90.401
weapon_frag	140.643021 1273.445679 10.362835	-39.985 -155.187 97.491
weapon_frag	-1696.007813 -179.115936 2.101781	-35.839 -56.640 -90.149
weapon_frag	-1728.525269 -180.939941 2.088093	-35.630 -56.832 -89.832
weapon_frag	-1715.792114 -166.949478 2.115086	-36.043 -56.445 -90.459
weapon_frag	-2299.301025 150.852768 2.133783	-36.328 -56.163 -90.900
weapon_frag	1594.441895 -1734.135010 2.166445	-36.827 -55.651 -91.685
weapon_frag	1598.098267 -1785.993896 2.181959	-37.064 -55.399 -92.064
weapon_frag	1574.507202 -1778.497681 2.195057	-37.264 -55.183 -92.387
weapon_frag	854.731384 -857.275513 130.148285	-36.550 -55.936 -91.246
weapon_frag	844.844543 -839.635742 130.146301	-36.520 -55.968 -91.199
weapon_frag	833.172913 -825.624695 130.146301	-36.520 -55.968 -91.199
weapon_frag	824.907349 -842.463745 130.164749	-36.801 -55.677 -91.643
weapon_frag	-745.477722 852.556091 6.117548	-36.080 -56.407 -90.517
weapon_frag	-745.408813 847.643799 6.138089	-36.394 -56.096 -91.003
weapon_frag	-735.986938 850.889404 6.158050	13.294 -40.941 -90.799
weapon_frag	167.577927 819.236572 26.119011	-37.283 -49.421 -90.869
weapon_frag	178.018784 787.818848 26.222713	-41.626 -40.251 -94.516
weapon_frag	156.643402 785.450562 25.914228	-35.609 -51.797 -86.513
weapon_frag	853.123718 1237.489014 6.316882	12.631 -51.380 -93.551
weapon_frag	853.645630 1232.104858 7.241786	33.709 -58.832 -110.324
weapon_frag	850.774902 1227.903564 5.166127	26.908 -37.609 -54.581
weapon_frag	842.931824 1229.013306 6.255083	13.525 -23.396 -92.634
weapon_frag	842.799683 1236.398438 6.460492	14.875 93.411 -96.542
weapon_frag	845.745361 1238.561768 4.622072	18.132 1.561 -37.330
weapon_frag	1389.011841 1881.864746 34.168118	-36.853 -55.623 -91.725
weapon_frag	-1487.530518 -1860.702881 34.131561	-36.294 -56.195 -90.848
weapon_frag	-1473.358154 -1883.883179 34.164757	-36.802 -55.678 -91.644
weapon_frag	-1460.056396 -1858.750488 34.106720	-35.915 -56.677 -90.264
weapon_frag	-158.529404 1622.314941 12.110046	-35.966 -56.521 -90.341
weapon_frag	-176.362122 1596.887817 12.181981	-37.065 -55.402 -92.064
weapon_frag	-184.966339 1617.240479 12.091008	-35.675 -56.796 -89.899
weapon_frag	179.055206 -215.373520 146.096161	-35.753 -56.720 -90.018
weapon_frag	166.327866 -233.149475 146.148285	-36.550 -55.937 -91.246
weapon_frag	151.698639 -215.807556 146.119553	-36.111 -56.376 -90.564
weapon_frag	-2569.572754 -6.083323 50.102131	-35.845 -56.635 -90.157
weapon_frag	-2596.455078 7.623258 50.157738	-36.694 -55.790 -91.474
player_start	1720.836182 98.527679 1.537627	-0.075 -0.000 0.075
player_start	1756.292480 -61.349346 1.529636	-0.085 0.000 0.085
player_start	1928.482788 -2.315735 1.562043	-0.046 0.000 0.046
player_start	2261.972412 1.727456 1.546348	-0.065 -0.000 0.065
player_start	-173.043930 1749.409424 1.563168	-0.044 -0.000 0.045
player_start	124.808998 1733.230591 1.541274	-0.071 0.000 0.071
player_start	258.209900 2097.684082 1.536680	-0.077 -0.000 0.077
player_start	-287.848450 2100.739014 1.532746	-0.081 0.000 0.081
player_start	-1776.984131 13.254250 -6.461441	-0.074 -0.000 0.074
player_start	-2348.475830 -2.606224 -6.421784	-0.026 -0.000 0.026
player_start	-1712.580444 -112.395020 1.531490	-0.211 -0.041 -0.093
player_start	-1672.005615 89.548241 1.566077	-0.148 -0.101 -0.041
player_start	-203.764725 -1878.077026 1.563717	-0.044 0.000 0.044
player_start	-205.785233 -2207.996826 1.533752	-0.080 -0.000 0.080
player_start	234.150818 -2192.082520 1.576522	-0.028 0.000 0.028
player_start	217.014481 -1915.053955 1.536680	-0.077 -0.000 0.077
player_start	7.096332 -788.154053 1.547151	-0.064 0.000 0.064
player_start	-759.653442 16.576893 1.543017	-0.069 -0.000 0.069
player_start	11.149979 705.527222 1.577215	-0.027 -0.000 0.028
player_start	754.819214 8.059137 1.543017	-0.069 -0.000 0.069
player_start	697.837097 -748.332092 1.543018	-0.069 -0.000 0.069
player_start	-789.875305 733.599060 1.555214	-0.054 0.000 0.054
player_start	-359.152771 1027.341553 1.550239	-0.060 0.000 0.060
player_start	841.555115 1029.690308 1.541274	-0.071 0.000 0.071
player_start	1022.319092 -300.832947 1.584086	-0.019 0.000 0.019
player_start	1019.148804 -809.977539 1.557829	-0.051 -0.000 0.051
player_start	-339.395020 -1020.052063 1.528568	-0.086 0.000 0.086
player_start	-824.166382 -1022.160645 1.565834	-0.041 -0.000 0.041
player_start	-1645.111206 -1457.585693 1.536680	-0.077 -0.000 0.077
player_start	-1639.560059 1367.148926 1.533751	-0.080 -0.000 0.080
player_start	1207.862061 1617.895630 1.543016	-0.069 -0.000 0.069
player_start	1623.947021 1133.546631 1.550238	-0.060 0.000 0.060
player_start	382.716400 1024.539307 1.548718	-0.062 0.000 0.062
player_start	-1442.866455 1028.852051 1.527483	-0.088 -0.000 0.088
player_start	-1026.197998 213.439804 1.534743	-0.079 -0.000 0.079
player_start	-1310.166138 -1619.189331 1.552435	-0.057 0.000 0.057
player_start	767.436096 -1029.216431 1.541274	-0.071 0.000 0.071
player_start	1019.356323 1325.793823 1.549483	-0.061 -0.000 0.061
player_start	417.911041 397.781342 225.533752	-0.080 -0.000 0.080
player_start	-560.250854 -296.772888 225.529633	-0.085 0.000 0.085
player_start	-356.113251 -507.168915 225.521805	-0.095 0.000 0.095
player_start	-8.358007 -1270.281494 1.543017	-0.069 -0.000 0.069
player_start	1027.789917 -1344.579102 1.525264	-0.090 0.000 0.090
player_start	-1333.703247 1650.301758 1.534743	-0.079 -0.000 0.079
player_start	-1313.088745 13.644780 1.553147	-0.057 0.000 0.057
player_start	-1017.318237 -1360.055054 1.548717	-0.062 0.000 0.062
player_start	114.164276 -359.484528 1.550238	-0.060 0.000 0.060
player_start	316.915894 -44.730297 1.526382	-0.089 0.000 0.089
player_start	90.613312 300.379974 1.560292	-0.048 -0.000 0.048
player_start	-337.890137 220.209564 1.537627	-0.075 -0.000 0.075
player_start	-376.499023 -141.499252 1.566343	-0.041 -0.000 0.041
player_start	-201.759644 -388.017548 1.547916	0.063 -0.000 0.063
player_start	-133.637650 -287.834229 1.539450	0.073 0.000 0.073
weapon_mor_usp	-1413.205933 1865.693359 33.002899	0.641 -34.395 -90.690
weapon_mor_usp	-774.908081 169.422791 24.982668	0.465 -34.679 -90.818
