# morbus weapon/ammo placement overrides - Thank TTT for this lua code
# For map: mor_horizon_v11_re
# Exported by: Demonkush ( ͡° ͜ʖ ͡°)
setting:	replacespawns 1
weapon_mor_ump	3161.036865 -291.080414 -127.236626	-0.523 -18.454 88.752
weapon_mor_ka47	-1870.298218 -2071.354736 -702.532166	-0.695 -23.000 -84.731
weapon_mor_sc7	-2341.996094 949.369446 -482.687439	0.173 -4.833 87.418
need_piss	5121.532227 331.308990 -505.371979	0.060 -1.377 28.284
need_piss	5036.383301 331.143524 -505.407745	-0.038 -1.296 28.207
need_piss	4949.741211 331.044922 -505.187408	-0.074 -1.795 28.650
need_piss	4862.218262 329.233551 -505.697876	-0.056 -2.037 27.832
need_piss	5120.013672 -2.058837 -506.221161	0.154 -1.418 -26.911
need_piss	5035.482422 -5.583277 -505.338226	-0.139 2.446 -28.398
need_piss	4951.485352 -6.125157 -505.463287	-0.175 1.824 -28.209
need_piss	4866.605469 -3.475349 -506.108582	0.050 -1.861 -27.027
mor_random_ammo	-807.113342 -3397.045410 -383.646667	0.055 0.000 -0.008
mor_random_ammo	-860.013245 -3395.749023 -383.655426	0.049 0.000 -0.019
mor_random_ammo	-835.168762 -3394.515625 -383.608826	0.552 0.004 0.617
mor_random_ammo	-809.995850 -3411.695557 -383.568848	1.387 0.032 1.681
mor_random_ammo	-937.796692 -3398.235107 -383.619019	0.191 0.001 0.173
mor_random_ammo	-909.271912 -3391.547119 -383.559570	1.216 0.030 1.477
mor_random_ammo	-890.793396 -3420.743896 -383.644562	0.057 0.000 -0.003
mor_random_ammo	-856.999878 -3414.098633 -383.653168	0.050 0.000 -0.017
mor_random_ammo	2627.343750 214.764008 64.385345	0.279 0.001 0.282
mor_random_ammo	2643.467773 209.698364 64.327858	0.047 0.000 -0.031
mor_random_ammo	181.701401 748.609558 64.338387	-0.047 -0.000 -0.025
mor_random_ammo	77.372368 707.208252 64.347618	-0.050 -0.000 -0.017
mor_random_ammo	17.986147 766.847839 64.406853	-0.851 -0.009 0.981
mor_random_ammo	103.472626 735.694092 64.406647	-0.826 -0.009 0.952
mor_random_ammo	4521.977539 -168.578720 -679.640442	0.063 -0.000 -0.006
mor_random_ammo	4519.370605 489.573364 -679.557922	1.115 0.028 1.348
mor_random_ammo	2093.833008 170.161133 -63.673958	-0.047 -0.000 -0.032
mor_random_ammo	2100.493408 158.691757 -63.661629	-0.047 -0.000 -0.025
mor_random_ammo	2107.240479 172.372269 -63.531166	-0.914 -0.025 1.112
mor_random_ammo	2098.410400 184.506302 -63.661629	-0.047 -0.000 -0.025
mor_random_ammo	-493.261749 -780.563416 64.359550	0.063 0.000 0.006
mor_random_ammo	-1063.700806 -782.041260 64.451965	0.954 0.026 1.158
mor_random_ammo	-1775.663330 -243.859924 -351.613281	0.314 0.002 0.325
mor_random_ammo	-1750.284790 -242.465668 -351.669617	0.047 0.000 -0.029
mor_random_ammo	-1772.880859 -220.273254 -351.640442	0.063 0.000 0.006
mor_random_ammo	-1751.300293 -222.255417 -351.640442	0.063 0.000 0.006
mor_random_ammo	-1778.777710 -201.752975 -351.608429	0.627 -0.005 -0.708
mor_random_ammo	-1753.522217 -202.012833 -351.642487	0.060 0.000 0.001
mor_random_ammo	-1768.945679 -326.775299 -351.682526	0.047 0.000 -0.035
mor_random_ammo	-1751.771606 -320.807678 -351.650940	0.051 0.000 -0.014
mor_random_ammo	-1781.700928 -371.652130 -351.620575	0.172 0.001 0.149
mor_random_ammo	-1758.544922 -367.105316 -351.628998	0.099 0.000 0.056
mor_random_ammo	-1786.742798 -419.630890 -351.575317	1.574 0.041 1.913
mor_random_ammo	-1759.562012 -414.804901 -351.616028	0.244 0.001 0.239
mor_random_ammo	-1469.495728 -49.559456 -383.627289	0.109 -0.000 -0.069
mor_random_ammo	-1450.409668 -65.681595 -383.636536	0.072 -0.000 -0.019
mor_random_ammo	-1418.503662 -847.474670 -383.575836	0.782 0.009 1.241
weapon_mor_r22	3145.928467 450.597382 65.564735	-1.283 -2.264 87.570
weapon_mor_r22	-307.810913 -2824.874512 -702.428406	-1.316 -1.039 87.199
weapon_mor_vek	-1416.549683 -509.201416 33.117847	0.270 -3.095 88.819
item_ammo_smg1_mor	-996.568420 -3401.634277 -383.472168	-0.187 0.017 -0.164
item_ammo_smg1_mor	-975.250671 -3401.076416 -383.495544	-0.661 0.012 -0.506
item_ammo_smg1_mor	-1296.723877 -2499.110596 -383.575592	0.530 -0.004 0.344
item_ammo_smg1_mor	-246.147766 -1875.985718 -703.582031	-0.379 0.005 0.243
item_ammo_smg1_mor	461.074951 -2559.460938 -703.577698	0.473 -0.004 0.306
item_ammo_smg1_mor	28.709942 -334.450684 64.511177	0.320 -0.012 -0.267
item_ammo_smg1_mor	328.891174 770.338867 64.498383	-0.866 -0.013 -0.649
item_ammo_smg1_mor	519.784241 172.687912 104.475418	0.562 -0.014 0.253
item_ammo_smg1_mor	3810.088379 372.022827 -127.456566	0.101 -0.016 -0.086
item_ammo_smg1_mor	-1862.821777 -265.161530 -39.483334	-0.250 0.012 -0.211
item_ammo_smg1_mor	-2079.740479 -241.750519 -39.600716	-0.152 0.005 0.090
item_ammo_smg1_mor	-841.886230 921.133606 -367.595795	0.191 -0.005 0.117
item_ammo_smg1_mor	-2751.395508 -733.106689 -767.530090	-0.432 0.011 -0.343
item_ammo_smg1_mor	3867.090820 481.763733 -831.603210	-0.136 0.005 0.079
item_ammo_smg1_mor	2822.569336 -71.194298 -831.517944	0.082 0.002 -0.173
item_ammo_smg1_mor	3215.229980 657.156677 -831.493469	0.481 -0.011 -0.376
item_ammo_smg1_mor	3183.799072 -373.907379 -127.512840	-0.743 0.160 -0.247
item_ammo_smg1_mor	3160.031494 -373.994415 -127.540924	-0.268 -0.179 -0.202
item_ammo_smg1_mor	3145.668945 488.084106 64.428841	0.574 -0.003 0.376
item_ammo_smg1_mor	-584.132080 -7.722411 -439.523254	0.553 -0.014 0.243
item_ammo_smg1_mor	-297.153992 -2845.763672 -703.571411	0.675 -0.003 0.441
item_ammo_smg1_mor	-316.277924 -2848.037598 -703.582031	0.375 -0.005 0.240
item_ammo_smg1_mor	-327.896088 -371.201385 -147.502182	-0.849 0.013 -0.630
item_ammo_smg1_mor	-1404.991089 -489.999756 32.451923	-0.352 -0.198 0.466
item_ammo_smg1_mor	-466.305450 1315.578735 -27.573492	0.595 -0.003 0.387
item_ammo_smg1_mor	-1650.433228 755.813293 -483.584259	0.338 -0.005 0.215
mor_random_rifle	50.124626 -423.252197 -147.140320	2.176 -5.784 83.945
mor_random_rifle	643.591980 -352.743011 64.861084	2.158 -5.706 83.931
mor_random_rifle	-344.154877 730.918701 64.862587	2.139 -5.697 83.916
mor_random_rifle	-798.583313 1199.839966 16.865623	2.101 -5.689 83.886
mor_random_rifle	-1541.928101 1332.096436 -27.138643	2.154 -5.702 83.928
mor_random_rifle	-1672.290283 37.544853 -383.137543	2.140 -5.699 83.917
mor_random_rifle	-2484.089355 -425.963440 -767.136047	2.122 -5.693 83.903
mor_random_rifle	-2224.984619 -202.199005 -767.139221	2.161 -5.706 83.933
mor_random_rifle	-3455.831299 -97.171623 -767.173950	2.133 -5.697 83.912
mor_random_rifle	-2631.314453 -948.612976 -403.175751	2.156 -5.706 83.929
mor_random_rifle	-1878.914185 -3090.686768 -383.133636	2.091 -5.687 83.878
mor_random_rifle	-1100.859985 -3409.966553 -383.137634	2.142 -5.699 83.918
mor_random_rifle	1564.379395 176.420151 64.863037	2.133 -5.697 83.912
mor_random_rifle	4030.502441 -175.207138 -127.134956	2.108 -5.690 83.892
mor_random_rifle	3857.805664 14.393119 -127.138252	2.150 -5.702 83.924
mor_random_rifle	731.877380 172.823227 64.861084	2.158 -5.706 83.931
mor_random_rifle	-1522.062988 -65.942322 -39.136063	2.122 -5.693 83.903
mor_random_rifle	-1536.401001 153.261856 -39.134663	2.104 -5.689 83.889
mor_random_rifle	-2109.992920 -681.901489 -63.135441	2.114 -5.690 83.896
mor_random_rifle	-1576.698975 972.794800 16.865690	2.100 -5.688 83.885
mor_random_rifle	-1155.770264 1540.925903 -23.137297	2.137 -5.697 83.915
mor_random_rifle	-854.799255 2096.534180 -63.136650	2.129 -5.695 83.908
mor_random_rifle	-1202.104736 935.366943 -367.136444	2.127 -5.695 83.906
mor_random_rifle	-2757.613281 -272.013885 -767.175720	2.131 -4.284 83.895
mor_random_rifle	-1831.347534 58.231537 -767.137390	2.139 -5.697 83.916
mor_random_rifle	-441.994843 156.841324 -703.135010	2.109 -5.689 83.892
mor_random_rifle	-958.990173 -1809.302490 -639.138794	2.156 -5.706 83.929
mor_random_rifle	-2404.784424 -1783.994019 -703.138367	2.151 -5.703 83.926
mor_random_rifle	-1743.761597 -291.309570 -767.134888	2.069 -5.685 84.162
mor_random_rifle	3886.336426 -150.218521 -831.136841	2.132 -5.695 83.911
mor_random_rifle	2835.858643 409.084106 -831.132813	2.081 -5.686 83.871
mor_random_rifle	3210.915283 -346.956696 -831.135742	2.118 -5.692 83.900
mor_random_rifle	-451.541107 139.423157 -439.136658	2.129 -5.695 83.908
mor_random_rifle	-528.241760 -198.491623 -439.133972	2.096 -5.688 83.882
mor_random_rifle	-242.369476 906.145996 -223.136917	2.133 -5.782 83.911
mor_random_rifle	-1511.020264 -622.461792 32.864807	2.111 -5.691 83.894
mor_random_rifle	-716.323059 379.579010 40.861359	2.154 -5.702 83.928
mor_random_rifle	4577.436035 163.929199 -127.138779	2.156 -5.706 83.929
mor_random_rifle	-1004.947937 1700.968628 -63.137074	2.135 -5.697 83.913
mor_random_rifle	-1316.909912 -260.400940 -383.139069	2.160 -5.706 83.932
mor_random_rifle	-1763.914795 -461.191620 -351.135193	2.111 -5.691 83.894
mor_random_rifle	311.995880 181.636734 -703.136230	2.124 -5.693 83.904
info_alien_spawn	2674.201172 83.864738 576.551453	-0.146 -0.079 -0.137
info_alien_spawn	2677.212646 236.047226 576.550598	0.104 -0.041 0.260
info_alien_spawn	364.962280 336.227448 640.547302	-0.197 0.136 -0.030
info_alien_spawn	399.955231 218.059006 640.543335	-0.055 -0.000 0.055
info_alien_spawn	407.130890 105.788300 640.539795	-0.059 -0.000 0.059
info_alien_spawn	359.238861 -1.114033 640.558777	-0.154 0.082 -0.024
info_alien_spawn	218.718079 -27.388950 640.532043	0.066 0.000 0.066
info_alien_spawn	89.189026 -19.729471 640.538879	-0.060 -0.000 0.060
info_alien_spawn	-45.791988 -17.455727 640.565491	-0.034 -0.000 0.034
info_alien_spawn	-165.773285 -15.432788 640.524536	-0.074 -0.000 0.074
info_alien_spawn	-300.755829 -13.160637 640.522217	-0.076 -0.000 0.076
info_alien_spawn	-405.631165 -11.384754 640.562378	-0.024 0.119 0.133
info_alien_spawn	-455.234283 76.276108 640.552002	-0.047 -0.000 0.047
info_alien_spawn	-451.669983 229.133179 640.553528	0.053 0.017 0.201
info_alien_spawn	-387.385010 335.560577 640.522217	-0.076 -0.000 0.076
info_alien_spawn	-242.361038 328.932220 640.556152	-0.043 -0.000 0.043
info_alien_spawn	-122.444321 333.398499 640.551270	-0.048 -0.000 0.048
info_alien_spawn	-1.632827 337.384003 640.519836	-0.078 -0.000 0.078
info_alien_spawn	123.080078 331.886017 640.553406	-0.045 0.000 -0.046
info_alien_spawn	205.378967 330.634460 640.554504	-0.116 0.023 0.239
info_alien_spawn	291.269958 281.133820 640.547852	0.054 -0.013 -0.220
info_alien_spawn	287.835693 32.161945 640.560791	-0.030 -0.014 0.114
info_alien_spawn	4726.602051 162.800842 192.556320	0.104 -0.117 0.034
info_alien_spawn	2673.613281 159.469498 520.529480	-0.351 -0.003 0.057
info_alien_spawn	-1050.392578 1540.066528 89.535751	0.078 0.000 0.078
info_alien_spawn	-890.000122 1441.746704 89.577568	0.025 0.000 0.028
info_alien_spawn	-872.982849 1858.176636 49.533775	0.080 0.000 0.080
info_alien_spawn	-1183.874268 1353.778687 -254.463287	0.076 0.000 0.077
info_alien_spawn	-885.744812 1530.531250 -254.454422	-0.066 -0.000 0.066
info_alien_spawn	-681.264038 514.911011 192.546616	-0.052 -0.000 0.052
info_alien_spawn	-719.227539 384.729950 256.526733	-0.072 -0.000 0.072
info_alien_spawn	-777.746216 373.102142 256.537933	0.061 0.000 0.061
info_alien_spawn	-865.542542 103.033104 256.554077	-0.045 -0.000 0.045
info_alien_spawn	-873.850220 197.197418 256.535034	0.063 0.000 0.063
info_alien_spawn	-716.302490 -48.372398 256.567230	0.017 -0.005 -0.120
info_alien_spawn	-794.707275 -53.260132 256.560577	-0.133 -0.004 -0.027
info_alien_spawn	-886.975220 -139.807755 256.509521	-0.088 -0.000 0.088
info_alien_spawn	-963.382263 -113.409103 256.517365	-0.081 -0.000 0.081
info_alien_spawn	-1062.568726 -138.061188 256.513519	-0.085 -0.000 0.085
info_alien_spawn	-1128.331665 -116.372826 256.538849	-0.060 -0.000 0.060
info_alien_spawn	-1205.332520 -133.005051 256.524506	-0.074 -0.000 0.074
info_alien_spawn	-866.281738 328.084717 384.536713	-0.076 -0.000 0.077
info_alien_spawn	-870.328979 376.751587 384.555908	-0.053 -0.000 0.053
info_alien_spawn	-859.806091 11.441533 384.571045	-0.034 -0.000 0.036
info_alien_spawn	-856.635437 -46.361645 384.535767	-0.078 -0.000 0.078
info_alien_spawn	530.651978 159.431000 640.519836	-0.078 -0.000 0.078
info_alien_spawn	955.807129 483.964569 488.564728	0.001 -0.791 0.112
info_alien_spawn	831.714661 -247.987503 160.529007	0.139 0.124 -0.125
info_alien_spawn	947.304810 472.845245 680.539551	-0.002 -0.344 -0.194
info_alien_spawn	949.014221 475.401337 1448.552002	-0.158 -3.768 0.006
info_alien_spawn	942.153748 480.567566 1256.540405	0.072 0.000 0.072
info_alien_spawn	945.670227 484.612701 1064.524170	-0.092 -0.000 0.092
info_alien_spawn	947.085693 475.121124 872.564819	-0.042 0.000 -0.042
info_alien_spawn	951.054626 481.544495 1640.549438	0.061 0.000 0.061
info_alien_spawn	2116.665039 159.969116 480.534790	-0.227 0.056 -0.021
mor_random_weapon	4037.628662 513.559998 -126.791466	1.779 4.709 -92.817
mor_random_weapon	3090.649902 157.357880 -830.777771	1.625 4.692 -93.170
mor_random_weapon	-955.873047 -108.367851 -734.808777	1.975 4.719 -92.369
mor_random_weapon	-2089.851563 609.852295 -510.800079	1.876 4.716 -92.595
mor_random_weapon	-1832.997681 -108.416664 -766.766296	1.494 4.675 -93.469
mor_random_weapon	-970.772400 -2470.784912 -638.774902	1.591 4.689 -93.247
mor_random_weapon	-1029.739990 2127.546387 -62.786953	1.728 4.704 -92.934
mor_random_weapon	443.601166 159.847198 -126.780563	1.656 4.923 -93.099
mor_random_weapon	1639.338257 -192.958344 -126.797943	1.852 4.714 -92.650
mor_random_weapon	-1513.747314 54.048580 -38.789711	1.759 4.707 -92.863
mor_random_weapon	-899.915039 1625.777466 -366.782471	1.678 4.699 -93.049
mor_random_weapon	-2990.313477 -924.017273 -857.236938	2.807 6.872 -102.140
mor_random_weapon	-3310.055664 -910.079651 -859.477478	2.731 6.870 -102.311
mor_random_weapon	-605.062683 -131.665588 -438.778595	1.634 4.694 -93.150
mor_random_weapon	2049.124268 79.124596 -62.804420	1.925 4.924 -92.483
mor_random_weapon	-950.606079 -1988.163452 -340.816223	2.058 7.420 -92.179
item_ammo_battery_mor	2767.364746 241.573608 106.057404	0.020 0.083 -0.260
item_ammo_battery_mor	1566.405884 167.944519 -697.865723	0.016 -0.096 0.133
item_ammo_battery_mor	-498.817535 1832.307251 -189.903198	0.025 -0.095 0.200
item_ammo_battery_mor	-1105.962158 -3903.899658 -297.982422	0.018 -0.086 0.234
item_ammo_battery_mor	3053.923584 -254.263947 -149.857132	0.135 -1.027 -1.314
item_ammo_buckshot_mor	-490.885712 1348.379517 -363.535461	-0.378 -0.006 0.336
item_ammo_buckshot_mor	484.903229 377.105499 104.411690	-0.986 0.002 0.784
item_ammo_buckshot_mor	-339.917908 -2830.013428 -383.577942	-0.714 -0.006 0.633
item_ammo_buckshot_mor	-3411.857422 -480.612946 -767.628052	-0.818 -0.006 0.725
item_ammo_buckshot_mor	-450.965240 823.240540 -607.569641	-0.643 -0.007 0.573
item_ammo_buckshot_mor	-2081.976563 1062.185059 -463.618439	-0.238 0.000 0.280
weapon_mor_beretta	-301.311981 299.546936 -438.460785	87.188 -10.330 -42.279
weapon_mor_mars	-330.627716 794.698059 -438.858307	-0.371 17.410 87.275
weapon_mor_gr4	-1111.244263 -2367.879883 -703.183411	-0.481 4.626 87.427
need_food	-980.021118 1432.478394 -5.706450	0.000 4.319 -0.000
need_food	-1122.086792 1427.359253 -5.713612	0.017 -17.542 0.000
need_food	-1049.284912 1393.895264 6.150974	-0.001 95.491 179.994
need_wash	4664.779297 158.987595 -109.844231	0.016 0.001 -0.013
need_bed	-1294.499512 -3584.050537 -365.711395	0.128 -0.028 -0.058
need_bed	-1132.982422 -3583.657715 -365.715698	0.024 -1.004 -0.002
need_bed	-976.518066 -3583.687500 -365.728821	0.016 -0.867 0.035
need_bed	-826.494019 -3583.099365 -365.735535	-0.023 0.191 -0.024
need_bed	-663.876892 -3582.651611 -365.715057	0.011 0.572 0.005
need_bed	-580.081482 -3549.312988 -365.718445	-0.001 86.597 -0.015
need_bed	-737.387634 -3545.858887 -365.713562	-0.004 93.264 0.007
need_bed	-900.037781 -3550.147705 -365.747650	0.104 94.157 0.102
need_bed	-1057.792480 -3544.372803 -365.720551	-0.026 94.652 0.004
need_bed	-1204.091553 -3546.186035 -365.706451	-0.000 87.716 0.000
need_bed	-1369.699097 -3547.450195 -365.719818	-0.000 92.698 0.016
weapon_glowstick	511.602142 128.748734 110.949738	-0.686 0.793 -0.150
weapon_glowstick	1615.319092 519.906128 -121.059639	-0.728 0.768 -0.160
weapon_glowstick	4359.714844 -111.359673 -120.992599	-0.423 0.866 -0.093
weapon_glowstick	4551.517090 312.783813 -120.941338	0.387 -0.104 2.568
weapon_glowstick	4569.445801 311.526001 -120.910370	0.109 -0.121 0.721
weapon_glowstick	2635.534668 100.554443 71.057396	1.788 0.037 1.288
weapon_glowstick	-626.840149 393.481476 110.966347	0.378 -0.870 0.515
weapon_glowstick	-696.442627 -74.976677 47.003109	-0.442 0.861 -0.097
weapon_glowstick	-1305.949951 -11.499763 6.980263	-0.546 0.844 -0.120
weapon_glowstick	-1082.350342 923.944580 -361.014404	-0.522 0.844 -0.115
weapon_glowstick	-435.534393 -214.133942 -696.943726	1.764 0.036 1.271
weapon_glowstick	-2512.698730 231.345596 -761.029175	-0.589 0.831 -0.129
weapon_glowstick	-3459.098633 -107.053383 -397.053131	-0.530 0.845 -0.116
weapon_glowstick	-2552.108154 -981.621277 -846.895508	26.705 -175.205 100.457
weapon_glowstick	5139.290527 174.193390 -537.039856	0.395 -0.859 0.538
weapon_glowstick	3071.356934 500.453156 -705.032166	-0.324 -0.052 -0.162
weapon_glowstick	2475.639160 112.963203 -417.016174	-0.530 0.845 -0.116
weapon_glowstick	-2217.542725 1107.425537 -457.039307	-0.636 0.814 -0.139
weapon_glowstick	-2212.237793 1120.239746 -457.054871	-0.706 0.765 -0.155
weapon_glowstick	-433.278381 -195.801193 -432.972748	0.554 -0.086 3.930
weapon_glowstick	-560.597778 -3587.541504 -697.039307	-0.636 0.815 -0.139
weapon_glowstick	-1401.016724 -716.342529 -697.009338	-0.499 0.854 -0.109
weapon_glowstick	-2347.776611 -710.555542 -57.037209	-0.626 0.818 -0.137
weapon_glowstick	2122.917969 246.294693 -56.976345	-0.330 0.812 -0.066
weapon_glowstick	957.829895 163.402359 -697.039307	-0.636 0.814 -0.139
weapon_glowstick	-1035.495605 -275.298950 -36.977242	-0.353 0.874 -0.077
weapon_glowstick	-1754.231201 -51.478764 -345.062073	-0.739 0.762 -0.162
weapon_glowstick	-1751.037476 -85.444427 -344.937988	1.498 0.029 1.080
weapon_glowstick	4044.895752 271.880951 -665.004517	-0.477 0.854 -0.105
weapon_glowstick	-1137.777588 -3398.501221 -376.970551	2.628 0.070 1.895
weapon_mor_zx9	-256.550476 424.703278 -698.899902	-2.716 -0.943 0.142
weapon_mor_zx9	4288.458984 164.435501 -668.915344	-2.735 -1.259 0.187
weapon_mor_zx9	2084.359375 88.846474 -58.988239	-2.814 -0.794 0.482
weapon_mor_zx9	-1771.458618 -159.366150 -346.978333	-2.798 -0.900 0.516
weapon_mor_m418	2466.269775 177.213593 -422.771301	1.540 -11.289 83.098
weapon_mor_blaster	2758.896729 72.856155 100.970566	1.957 -18.760 -85.870
weapon_mor_blaster	1556.720093 153.065643 -703.188660	2.206 -18.322 -83.692
weapon_mor_blaster	-473.745575 1832.732178 -195.152466	2.221 -18.438 -84.063
weapon_mor_blaster	-1093.145020 -3914.251709 -303.084320	2.034 -18.713 -85.735
weapon_mor_blaster	3127.968750 -254.413345 -155.160873	2.987 -17.807 -83.618
weapon_mor_scarm8	-500.010864 1368.904541 -362.773773	0.442 9.319 84.317
weapon_mor_scarm8	483.359955 390.381317 105.266525	0.287 9.320 85.146
weapon_mor_scarm8	-355.159576 -2801.789063 -382.808502	0.575 9.312 83.604
weapon_mor_scarm8	-3403.496338 -500.790558 -766.822876	0.489 9.317 84.067
weapon_mor_scarm8	-481.479797 803.204895 -606.766602	0.416 9.319 84.463
weapon_mor_scarm8	-2086.166992 1052.780396 -462.771484	0.434 9.319 84.363
item_ammo_pistol_mor	4085.149902 174.896866 -127.635185	-0.117 -0.019 -0.035
item_ammo_pistol_mor	4074.405273 176.032852 -127.612976	-0.098 -0.020 -0.030
item_ammo_pistol_mor	4085.933105 149.827164 -127.527084	-0.023 -0.020 -0.007
item_ammo_pistol_mor	4075.728027 150.400116 -127.583847	-0.072 -0.020 -0.022
item_ammo_pistol_mor	2640.750000 131.656403 64.453636	0.405 0.338 0.075
item_ammo_pistol_mor	-1658.177979 92.536530 -39.588200	-0.335 0.184 -0.461
item_ammo_pistol_mor	-1243.100464 1839.565552 -367.671783	-0.149 -0.018 -0.045
item_ammo_pistol_mor	5153.074707 229.129135 -543.654724	-0.134 -0.019 -0.041
item_ammo_pistol_mor	5140.064941 227.262589 -543.595886	-0.083 -0.020 -0.025
item_ammo_pistol_mor	3065.164551 -194.545746 -711.659424	-0.138 -0.019 -0.042
item_ammo_pistol_mor	-320.270813 298.274078 -439.657013	-0.136 -0.019 -0.041
item_ammo_pistol_mor	-132.141907 820.398743 -439.553741	-0.046 -0.020 -0.014
item_ammo_pistol_mor	-116.859650 819.162170 -439.674377	-0.151 -0.018 -0.046
item_ammo_pistol_mor	-1394.747314 -271.275452 -703.567078	-0.058 -0.020 -0.017
item_ammo_pistol_mor	-1396.115723 -237.904739 -703.664246	-0.142 -0.019 -0.043
item_ammo_pistol_mor	-1089.740479 -1953.135620 -703.664246	-0.142 -0.019 -0.043
item_ammo_pistol_mor	-1081.246948 -1936.915771 -703.619934	-0.104 -0.020 -0.031
item_ammo_pistol_mor	747.045044 550.358154 -703.568298	0.782 -0.087 -0.078
item_ammo_pistol_mor	735.257629 550.339783 -703.530029	0.303 -0.279 -0.037
item_ammo_pistol_mor	4064.245117 262.768860 -671.645508	0.028 0.030 0.004
item_ammo_pistol_mor	4058.488770 69.224060 -671.625427	-0.108 -0.020 -0.033
item_ammo_pistol_mor	4069.964111 70.428383 -671.645691	-0.126 -0.019 -0.038
item_ammo_pistol_mor	-890.364014 1453.553223 -367.631165	-0.114 -0.020 -0.034
weapon_mor_medkit	507.001068 112.861069 104.485764	-0.750 -0.277 0.045
weapon_mor_medkit	4141.578613 442.621277 -127.522461	-0.943 -0.246 0.019
weapon_mor_medkit	-2100.304688 -44.804771 -39.518467	-0.882 -0.886 0.007
weapon_mor_medkit	5139.413086 144.247284 -543.509583	-0.640 -0.284 0.060
weapon_mor_medkit	2104.252197 245.718811 -63.529434	-0.349 1.614 -0.249
weapon_mor_medkit	2115.963867 258.783447 -63.513130	-0.352 1.345 0.344
weapon_mor_medkit	2102.841797 256.124054 -63.563774	-0.428 -0.611 0.632
weapon_mor_medkit	2121.700928 256.966949 -63.562450	-1.246 0.293 -0.152
weapon_mor_medkit	2109.666504 252.933548 -63.591282	-1.230 12.996 -0.198
weapon_mor_medkit	4047.929932 169.520081 -671.518250	-0.844 -0.270 0.033
weapon_mor_medkit	-622.552124 393.872955 -183.537491	-1.193 0.616 0.053
weapon_mor_medkit	428.468231 599.900330 -439.512268	-0.704 -0.281 0.051
weapon_mor_medkit	-681.340027 272.004578 40.478664	-0.917 -0.256 0.023
weapon_mor_medkit	-1764.045654 -109.330246 -351.522461	-0.943 -0.246 0.019
weapon_mor_medkit	-718.831055 -3890.153320 -303.587372	-1.085 0.609 0.059
weapon_mor_medkit	-926.312927 -2343.130371 -341.528748	-1.051 -1.068 0.032
mor_random_pistol	-551.264709 -3443.389893 -383.172607	2.213 -18.357 -83.856
mor_random_pistol	-572.795593 -3414.994629 -383.131989	2.229 -18.489 -84.273
mor_random_pistol	-1394.283569 -3408.822998 -383.145233	2.224 -18.471 -84.137
mor_random_pistol	-1366.909790 -3380.629883 -383.118896	2.234 -18.489 -84.407
mor_random_pistol	4068.024414 205.704285 -127.177025	2.211 -18.361 -83.811
mor_random_pistol	4079.031738 112.615509 -127.101753	2.240 -18.494 -84.583
mor_random_pistol	4049.265381 158.372116 -127.113617	2.236 -18.492 -84.461
mor_random_pistol	2634.730225 147.294083 64.888901	2.237 -18.491 -84.487
mor_random_pistol	67.941093 761.816101 64.837837	2.217 -18.398 -83.963
mor_random_pistol	131.323135 713.647095 64.890129	2.237 -18.492 -84.500
mor_random_pistol	128.201462 751.869995 64.900406	2.241 -18.493 -84.605
mor_random_pistol	-1668.880859 78.374542 -39.146988	2.223 -18.473 -84.119
mor_random_pistol	-1024.590088 906.059937 -367.120239	2.233 -18.491 -84.393
mor_random_pistol	-1004.827637 925.596069 -367.179260	2.210 -18.357 -83.788
mor_random_pistol	-1038.565063 923.964600 -367.148773	2.222 -18.469 -84.100
mor_random_pistol	-1259.245483 1827.642456 -367.154327	2.220 -18.437 -84.044
mor_random_pistol	5045.338867 156.739334 -543.133545	2.228 -18.488 -84.257
mor_random_pistol	5062.800781 201.758774 -543.150635	2.221 -18.466 -84.082
mor_random_pistol	5027.416016 200.701721 -543.118896	2.234 -18.489 -84.407
mor_random_pistol	3080.158447 -196.489014 -711.156250	2.219 -18.439 -84.024
mor_random_pistol	-168.064529 845.185303 -439.050751	2.260 -18.508 -85.106
mor_random_pistol	-186.870972 849.214478 -439.118896	2.234 -18.490 -84.407
mor_random_pistol	-180.931839 816.904114 -439.112335	2.236 -18.491 -84.474
mor_random_pistol	-1339.103638 -233.371368 -703.112305	2.236 -18.491 -84.474
mor_random_pistol	-1368.379395 -253.344269 -703.156250	2.219 -18.440 -84.024
mor_random_pistol	-1364.846802 -186.792648 -703.131958	2.229 -18.489 -84.273
mor_random_pistol	-1136.081787 -1936.613892 -703.101746	2.240 -18.494 -84.583
mor_random_pistol	-1113.286743 -1887.884033 -703.154297	2.220 -18.437 -84.044
mor_random_pistol	736.067871 525.470581 -703.162537	2.217 -18.400 -83.960
mor_random_pistol	689.792542 531.819336 -703.135132	2.227 -18.491 -84.240
mor_random_pistol	3097.159668 -160.291595 64.970642	2.022 -24.597 -85.756
mor_random_pistol	3048.211426 -187.971237 -711.154358	2.220 -18.437 -84.044
mor_random_pistol	3042.874268 185.968506 -831.143433	2.224 -18.472 -84.155
mor_random_pistol	4018.586182 150.524063 -831.160156	2.218 -18.429 -83.984
mor_random_pistol	4095.729492 107.802032 -671.166260	2.215 -18.401 -83.922
mor_random_pistol	4101.978027 211.507294 -671.140076	2.226 -18.489 -84.190
mor_random_pistol	4130.086914 223.081787 -671.094482	2.243 -18.494 -84.658
mor_random_pistol	-912.505127 1459.895386 -367.105103	2.239 -18.492 -84.548
mor_random_pistol	-1775.863892 -317.056458 -351.127411	2.230 -18.491 -84.320
mor_random_pistol	-1756.574585 -296.751526 -351.160156	2.218 -18.429 -83.984
mor_random_pistol	-1774.915771 -286.145569 -351.091553	2.244 -18.496 -84.688
mor_random_pistol	-1753.595337 -268.580963 -351.131989	2.229 -18.489 -84.273
mor_random_smg	-1036.816284 -3406.665283 -382.905487	0.273 6.177 -87.232
mor_random_smg	-564.347107 -3398.120117 -382.906128	0.296 6.174 -87.260
mor_random_smg	-1292.797485 -2479.621338 -382.906464	0.308 6.177 -87.275
mor_random_smg	-249.289276 -1854.653076 -702.905579	0.277 6.176 -87.236
mor_random_smg	453.303650 -2534.207031 -702.906860	0.323 6.187 -87.293
mor_random_smg	31.489424 -362.957275 65.093269	0.318 6.183 -87.287
mor_random_smg	286.348724 770.053162 65.094658	0.268 6.177 -87.226
mor_random_smg	513.944153 186.864136 105.094658	0.268 6.177 -87.226
mor_random_smg	3830.446289 338.702332 -126.905701	0.281 6.176 -87.242
mor_random_smg	-1837.062622 -258.372284 -38.905106	0.260 6.171 -87.215
mor_random_smg	-2075.864990 -270.305847 -38.905220	0.264 6.174 -87.220
mor_random_smg	-845.452454 942.263428 -366.906677	0.316 6.184 -87.285
mor_random_smg	-2747.465332 -756.102722 -766.943176	0.300 6.174 -87.264
mor_random_smg	3867.854492 445.913269 -830.905884	0.289 6.175 -87.252
mor_random_smg	2829.338867 -103.859596 -830.905212	0.265 6.174 -87.221
mor_random_smg	3206.273926 624.173157 -830.905762	0.283 6.176 -87.244
mor_random_smg	-590.465210 -38.506653 -438.906647	0.315 6.180 -87.283
mor_random_smg	-329.930817 -355.187653 -146.904816	0.250 6.533 -87.203
mor_random_smg	-469.606232 1341.912354 -26.905556	0.276 6.177 -87.235
mor_random_smg	-1765.285400 -403.658325 -350.906372	0.305 6.174 -87.271
mor_random_smg	-1763.645020 -357.149323 -350.905457	0.273 6.177 -87.231
mor_random_smg	-1693.122559 748.761536 -482.906982	0.326 6.192 -87.298
item_ammo_revolver_mor	81.698891 -462.680206 -147.594452	-0.081 -0.020 -0.025
item_ammo_revolver_mor	635.673462 -378.769379 64.408318	-0.079 -0.020 -0.024
item_ammo_revolver_mor	-353.355499 769.753662 64.328194	-0.149 -0.018 -0.045
item_ammo_revolver_mor	-762.401367 1206.037598 16.422159	-0.067 -0.020 -0.020
item_ammo_revolver_mor	-1545.739014 1360.292114 -27.666729	-0.145 -0.018 -0.044
item_ammo_revolver_mor	-1706.808716 28.874859 -383.645691	-0.126 -0.019 -0.038
item_ammo_revolver_mor	-2490.837891 -456.631805 -767.654724	-0.134 -0.019 -0.041
item_ammo_revolver_mor	-2198.449951 -208.130051 -767.647888	-0.128 -0.019 -0.039
item_ammo_revolver_mor	-3472.233398 -74.456047 -767.666199	-0.112 -0.020 -0.034
item_ammo_revolver_mor	-2627.426270 -976.133057 -403.615967	-0.068 -0.020 -0.021
item_ammo_revolver_mor	-1889.917603 -3076.919678 -383.629272	-0.112 -0.020 -0.034
item_ammo_revolver_mor	-1098.071411 -3392.554932 -383.566132	-0.057 -0.020 -0.017
item_ammo_revolver_mor	-1111.251587 -3391.335693 -383.637238	-0.119 -0.019 -0.036
item_ammo_revolver_mor	1560.026123 146.595718 64.372665	-0.110 -0.020 -0.033
item_ammo_revolver_mor	4030.474365 -202.215073 -127.664246	-0.142 -0.019 -0.043
item_ammo_revolver_mor	3869.528320 38.109695 -127.650124	-0.130 -0.019 -0.039
item_ammo_revolver_mor	731.325989 149.345093 64.424438	-0.065 -0.020 -0.020
item_ammo_revolver_mor	-1521.335449 -105.335106 -39.583851	-0.072 -0.020 -0.022
item_ammo_revolver_mor	-1540.746216 168.270370 -39.614681	-0.099 -0.020 -0.030
item_ammo_revolver_mor	-2111.619873 -656.867920 -63.664249	-0.142 -0.019 -0.043
item_ammo_revolver_mor	-1572.858887 947.867920 16.320286	-0.156 -0.017 -0.047
item_ammo_revolver_mor	-1166.988037 1519.039185 -23.650124	-0.130 -0.019 -0.039
item_ammo_revolver_mor	-823.715149 2090.225830 -63.562317	-0.053 -0.020 -0.016
item_ammo_revolver_mor	-1196.070801 908.728394 -367.586365	-0.074 -0.020 -0.023
item_ammo_revolver_mor	-2760.332275 -240.155258 -767.654968	0.023 0.031 0.003
item_ammo_revolver_mor	-1835.280396 35.834660 -767.608032	-0.093 -0.020 -0.028
item_ammo_revolver_mor	-442.461548 132.663223 -703.529541	-0.025 -0.020 -0.007
item_ammo_revolver_mor	-980.208740 -1843.861816 -639.619995	-0.104 -0.020 -0.031
item_ammo_revolver_mor	-2398.284668 -1765.211426 -703.575562	-0.065 -0.020 -0.020
item_ammo_revolver_mor	-1753.209717 -310.928955 -767.603088	0.426 0.252 0.137
item_ammo_revolver_mor	3859.937500 -133.778122 -831.591675	-0.079 -0.020 -0.024
item_ammo_revolver_mor	2853.025391 439.252014 -831.583679	0.016 0.031 0.002
item_ammo_revolver_mor	3204.825928 -312.314636 -831.595825	-0.083 -0.020 -0.025
item_ammo_revolver_mor	2463.083252 199.718826 -423.682434	-0.158 -0.017 -0.048
item_ammo_revolver_mor	2472.867676 200.646332 -423.671814	-0.149 -0.018 -0.045
item_ammo_revolver_mor	-2337.007324 973.767395 -483.612976	-0.098 -0.020 -0.030
item_ammo_revolver_mor	-2317.378174 975.590576 -483.553772	-0.046 -0.020 -0.014
item_ammo_revolver_mor	-449.026062 113.089706 -439.641388	-0.122 -0.019 -0.037
item_ammo_revolver_mor	-529.158325 -228.356247 -439.639282	-0.121 -0.019 -0.037
item_ammo_revolver_mor	-1863.021362 -2049.664307 -703.654663	-0.134 -0.019 -0.041
item_ammo_revolver_mor	-1099.856323 -2388.373779 -703.618164	-0.102 -0.020 -0.031
item_ammo_revolver_mor	-343.160492 808.213684 -439.598633	0.019 0.031 0.003
item_ammo_revolver_mor	-332.433258 812.314148 -439.652161	0.030 0.030 0.004
item_ammo_revolver_mor	-246.401672 924.137024 -223.618164	-0.102 -0.020 -0.031
item_ammo_revolver_mor	-1542.722046 -633.235779 32.434853	-0.056 -0.020 -0.017
item_ammo_revolver_mor	-691.406494 384.934723 40.381844	-0.102 -0.020 -0.031
item_ammo_revolver_mor	4560.703125 178.240799 -127.614677	0.099 0.020 -0.030
item_ammo_revolver_mor	-1047.471436 1713.308838 -63.586262	0.017 0.031 0.002
item_ammo_revolver_mor	-1359.861450 -264.158569 -383.604858	-0.091 -0.020 -0.027
item_ammo_revolver_mor	-1776.372925 -440.408813 -351.608032	-0.093 -0.020 -0.028
item_ammo_revolver_mor	-1753.191162 -439.104401 -351.595856	-0.083 -0.020 -0.025
item_ammo_revolver_mor	298.883789 207.501877 -703.643494	-0.124 -0.019 -0.038
weapon_frag	390.738007 316.971008 642.000000	0.000 0.000 0.000
weapon_frag	-983.236450 -2154.455811 161.223358	-37.696 -48.228 -93.096
weapon_frag	-958.102722 921.826111 -365.823883	-36.975 -55.501 -91.920
weapon_frag	-950.583557 915.128418 -365.882355	-36.081 -56.414 -90.519
weapon_frag	4024.412598 187.536560 -829.875122	-36.192 -56.307 -90.689
weapon_frag	-352.219818 938.410400 -221.825623	-36.949 -49.041 -91.878
weapon_frag	2353.776367 217.181442 -829.900391	-35.806 -56.680 -90.098
weapon_frag	5163.593750 374.965271 -541.779724	-37.865 -53.074 -93.390
weapon_frag	5162.211426 368.319946 -541.847839	-36.609 -55.875 -91.339
weapon_frag	5168.369141 373.609558 -540.807373	-36.667 103.344 113.989
weapon_frag	-1386.141846 -647.342834 34.090656	-87.240 124.184 91.818
weapon_frag	-1777.984497 -20.643295 -351.124390	22.593 -23.744 -48.158
weapon_frag	-1788.661743 -27.275095 -349.880096	-36.116 -56.377 -90.572
weapon_frag	-122.931999 -57.341702 642.000000	0.000 0.000 0.000
weapon_frag	423.219391 324.722046 642.156982	-36.683 -49.329 -91.456
weapon_frag	394.878082 303.133179 642.101013	-35.828 -50.140 -90.131
weapon_frag	-639.002014 -83.116821 -181.847900	-36.608 -49.393 -91.338
weapon_frag	458.753662 954.313660 -437.397400	38.866 -45.074 -98.071
weapon_frag	566.038025 162.193680 -701.914795	-35.586 -56.874 -89.765
weapon_frag	-710.718262 -2148.009766 -701.917725	-35.541 -56.920 -89.697
weapon_frag	-747.059326 -2148.514160 -340.163818	14.044 -35.629 -85.110
weapon_frag	3674.956787 -398.213074 -125.795532	-37.408 -55.024 -92.621
weapon_frag	2998.574951 698.902405 -127.232117	19.895 0.065 -43.495
weapon_frag	2718.735840 86.526169 -829.802246	-37.305 -55.146 -92.453
weapon_frag	1275.087891 212.822784 -701.845886	-36.639 -55.853 -91.386
weapon_frag	-356.002686 201.350601 -437.793365	-37.441 -54.994 -92.675
weapon_frag	4364.345215 430.107117 -126.820129	8.856 -44.102 -66.824
weapon_frag	4360.804688 433.117065 -127.021294	19.660 -17.906 -52.266
weapon_frag	3813.209717 -73.573120 -126.068474	-36.987 -56.590 -87.633
weapon_frag	3127.399170 572.679565 -153.637817	14.099 -70.267 -94.477
weapon_frag	3123.061523 571.378418 -155.177399	21.133 -18.432 -43.966
weapon_frag	3044.302979 572.757751 -153.512894	14.085 -71.162 -97.556
weapon_frag	3053.597900 570.515137 -153.327942	38.665 -48.035 -100.010
player_start	4026.422363 37.437946 -127.439095	-0.047 -0.000 0.047
player_start	3825.412354 141.139343 -127.464241	-0.078 -0.000 0.078
player_start	3989.403564 270.017090 -127.461403	-0.074 -0.000 0.074
player_start	3224.389160 -120.533669 64.473618	0.032 -0.000 -0.032
player_start	2898.828125 -128.722427 64.499214	0.025 -0.000 -0.025
player_start	2870.510986 452.671906 64.481018	-0.030 -0.000 0.030
player_start	3256.057129 456.349304 64.503662	-0.024 0.000 -0.024
player_start	2909.471924 825.888245 -127.446823	-0.057 0.000 0.056
player_start	2912.394775 -507.134308 -127.475822	-0.092 -0.000 0.092
player_start	3203.482666 829.524048 -127.435730	-0.043 0.000 -0.043
player_start	3213.219482 -503.453552 -127.451263	0.062 0.000 0.062
player_start	2915.249023 304.370148 -831.457764	-0.070 -0.000 0.070
player_start	3259.766113 318.473328 -831.444763	0.054 0.000 0.054
player_start	3300.010986 37.173473 -831.433411	-0.038 -0.000 -0.039
player_start	2898.490479 16.256893 -831.464233	-0.078 0.000 -0.078
player_start	-0.578869 -58.651855 -703.469238	-0.084 -0.000 0.084
player_start	300.250366 59.659214 -703.458679	-0.071 -0.000 0.071
player_start	-77.431427 265.933624 -703.468201	-0.083 -0.000 0.082
player_start	395.499420 298.871246 -703.440247	-0.049 -0.000 0.049
player_start	215.398575 362.613800 -703.459534	-0.072 -0.000 0.072
player_start	471.329895 116.964218 -703.446777	-0.057 -0.000 0.057
player_start	383.060669 -72.888504 -703.472473	-0.088 -0.000 0.088
player_start	166.638947 -32.193089 -703.443420	-0.052 -0.000 0.052
player_start	-24.231924 136.495956 -703.444092	-0.053 0.000 0.053
player_start	-691.398865 -1802.045776 -383.465240	-0.079 -0.000 0.079
player_start	-452.036133 -2450.344482 -383.443451	-0.052 -0.000 0.053
player_start	-684.253174 -2733.732178 -383.456970	-0.069 -0.000 0.069
player_start	-1324.634277 -2641.394775 -383.429382	-0.035 -0.000 0.036
player_start	-1698.601685 -2480.544678 -383.457825	-0.070 -0.000 0.070
player_start	-1600.127197 -1813.517944 -383.472473	-0.088 -0.000 0.088
player_start	-1279.156616 -1556.095337 -383.471405	-0.086 -0.000 0.086
player_start	-605.343140 -1802.280762 -703.437866	-0.139 -0.087 -0.019
player_start	-184.907700 -2096.337891 -703.456055	-0.068 -0.000 0.068
player_start	-236.353302 -2376.791504 -703.457825	-0.070 -0.000 0.070
player_start	-509.632751 -2779.197266 -703.429810	-0.036 -0.000 0.036
player_start	-666.904785 -3107.673584 -703.469238	-0.084 -0.000 0.084
player_start	-1240.407593 -2753.663818 -703.451233	-0.062 -0.000 0.062
player_start	-1415.244507 -2502.267578 -703.460449	-0.073 -0.000 0.073
player_start	-1707.869751 -2194.673096 -703.456055	-0.068 -0.000 0.068
player_start	-1728.177979 -1796.445801 -703.468323	-0.244 -0.027 -0.055
player_start	-1511.290039 -1563.287476 -703.452820	-0.064 -0.000 0.064
player_start	-1273.461548 -1344.213501 -703.478149	-0.094 -0.000 0.094
player_start	-1144.741821 1855.205811 -63.436260	-0.044 -0.000 0.044
player_start	-1164.700684 1988.384644 -63.462337	-0.075 -0.000 0.075
player_start	-1262.234009 1874.898315 -63.462337	-0.075 -0.000 0.075
player_start	-1206.567993 1581.921509 -23.474691	-0.090 -0.000 0.090
player_start	-804.575562 1585.720947 -23.478148	-0.094 -0.000 0.095
player_start	-690.532288 1425.214722 -23.471390	-0.086 -0.000 0.086
player_start	-1356.691040 1429.884888 -23.457813	-0.070 -0.000 0.070
player_start	-1539.697876 1770.400024 -195.471405	0.086 0.000 0.086
player_start	-1263.623169 1551.611694 -367.460480	-0.073 -0.000 0.073
player_start	-809.550049 1697.740967 -367.439667	-0.048 0.000 0.047
player_start	-1041.998413 1301.558472 -367.475800	-0.092 -0.000 0.092
player_start	-1125.246582 1026.645508 -367.457794	-0.070 0.000 0.070
player_start	-823.384827 1363.106812 -367.465210	-0.079 -0.000 0.079
player_start	-915.142334 1033.458740 -367.475800	-0.092 -0.000 0.092
player_start	-784.000244 1102.103638 16.547958	-0.063 0.000 -0.063
player_start	-1032.581665 987.413940 16.533775	0.080 0.000 0.080
player_start	-1257.470459 1159.920410 16.571066	0.089 0.065 0.018
player_start	-1161.895752 1317.063354 -23.442783	-0.051 -0.000 0.052
player_start	-1586.809204 94.838295 -39.433640	-0.040 -0.000 0.041
player_start	-1458.523315 118.175385 -39.423820	-0.027 -0.000 0.030
player_start	-1592.500366 -20.026533 -39.462971	-0.066 -0.135 -0.190
player_start	-2006.089844 -212.275482 -39.479336	-0.096 -0.000 0.096
player_start	-2013.313721 -102.001396 -39.456100	-0.068 -0.000 0.068
player_start	-1788.989258 -117.316093 -39.454437	-0.066 -0.000 0.066
player_start	-794.644043 733.408752 -607.463318	-0.076 0.000 -0.077
player_start	-746.151917 580.332581 -607.455261	0.067 0.000 0.067
player_start	-671.216370 105.883537 -703.450500	-0.061 -0.000 0.061
player_start	-1278.618896 120.346764 -703.474670	-0.274 0.023 -0.037
player_start	-1307.446899 287.953796 -703.436768	-0.044 -0.000 0.044
player_start	-1916.565674 168.663849 -767.440308	-0.048 -0.000 0.049
player_start	-2128.681152 186.038330 -767.462341	-0.075 -0.000 0.075
player_start	-2039.732910 -70.347931 -767.475891	-0.092 0.000 -0.092
player_start	-2289.574463 -178.131714 -767.426880	-0.031 -0.000 0.033
player_start	-2327.099121 102.650345 -767.452026	-0.063 -0.000 0.063
player_start	-2218.239502 -23.280386 -767.456116	-0.068 0.000 -0.068
player_start	-2408.469971 -359.615295 -767.428101	-0.033 -0.000 0.035
player_start	-2405.722412 -95.116020 -767.452820	-0.064 -0.000 0.064
player_start	-2431.583740 135.192062 -767.477295	0.045 -0.064 0.291
player_start	-2088.039795 69.361008 -767.439697	-0.048 -0.000 0.048
player_start	-2166.121338 -145.526611 -767.453674	-0.065 0.000 -0.065
player_start	-2389.380615 -273.513824 -767.420898	0.003 -0.009 0.069
player_start	-3189.996826 -11.176863 -767.478699	-0.028 0.002 0.142
player_start	-2835.287354 -20.293869 -767.494751	-0.070 -0.000 0.070
player_start	-2654.121582 -287.643250 -767.489807	-0.064 -0.000 0.064
player_start	-2674.146240 -650.825623 -767.478455	-0.050 -0.000 0.050
player_start	-2658.553223 -923.719116 -767.516296	-0.096 -0.000 0.096
player_start	-2982.718506 -472.533356 -767.470581	-0.040 -0.000 0.041
player_start	-2979.314209 -932.003174 -767.473267	-0.054 -0.133 -0.087
player_start	-1333.833008 -1847.678345 -703.467224	-0.081 -0.000 0.081
player_start	-1892.212158 -1957.067017 -703.473572	-0.089 -0.000 0.089
player_start	-2137.390137 -1853.890625 -703.456909	-0.069 -0.000 0.069
player_start	-2093.575928 -2201.895996 -703.475830	-0.092 -0.000 0.092
player_start	146.182068 -2281.418701 -703.456909	-0.069 -0.000 0.069
player_start	120.658638 -2083.976563 -703.456055	-0.068 -0.000 0.068
player_start	351.198639 -1863.572876 -383.473572	-0.089 -0.000 0.089
player_start	111.867958 -2522.661621 -383.468231	-0.082 -0.000 0.083
player_start	171.720963 -331.395844 64.571053	-0.035 -0.000 0.035
player_start	-266.926300 -351.505157 64.536720	-0.076 -0.000 0.076
player_start	-520.209473 10.721596 104.554558	-0.055 0.000 0.055
player_start	-518.441223 145.718323 104.523018	-0.093 -0.000 0.093
player_start	-516.494141 295.697083 104.531761	-0.083 -0.000 0.082
player_start	-271.192200 636.654419 64.581810	-0.021 -0.000 0.022
player_start	3.960183 641.819153 64.550270	-0.060 -0.000 0.060
player_start	266.285919 325.802002 104.536713	-0.076 -0.000 0.077
player_start	253.174896 -8.439174 104.536713	-0.077 -0.000 0.076
player_start	479.350861 322.260468 -127.474373	-0.073 -0.000 0.073
player_start	487.383972 2.334951 -127.444565	-0.044 -0.000 0.043
player_start	-539.425354 47.094471 -183.468964	-0.067 -0.000 0.067
player_start	43.966618 722.187927 -439.464233	-0.078 -0.000 0.078
player_start	286.807495 732.231445 -439.449707	-0.060 0.000 0.060
player_start	-220.945709 720.087708 -439.443420	-0.053 0.000 0.052
player_start	-946.443298 -490.038940 -703.468201	-0.083 -0.000 0.082
player_start	-562.539856 -407.796722 -703.453613	-0.065 0.000 -0.065
player_start	3432.048584 269.817566 -831.452026	-0.063 -0.000 0.063
player_start	3472.891113 59.086555 -831.467163	-0.081 -0.000 0.081
player_start	4126.354004 60.724392 -671.449768	-0.060 -0.000 0.060
player_start	4146.294434 258.537842 -671.471375	0.086 -0.000 -0.086
player_start	4399.359375 297.051941 -671.475830	-0.092 -0.000 0.092
player_start	4419.001953 53.577332 -671.459595	-0.072 -0.000 0.072
player_start	4913.080078 195.371552 -543.459595	0.072 0.000 0.072
player_start	4907.301270 83.334648 -543.447571	-0.057 -0.000 0.058
player_start	-1569.430298 90.485298 -383.468231	-0.082 -0.000 0.083
player_start	-1613.022095 -356.636780 -383.452820	-0.064 -0.000 0.064
player_start	-1166.439087 -533.842957 -439.450470	-0.061 0.000 0.061
player_start	-695.326904 -514.330383 -439.437378	0.045 0.000 0.045
player_start	-392.294678 -295.507904 -439.467865	-0.042 0.043 0.217
player_start	-505.395660 473.883850 -439.469269	0.084 0.000 0.084
player_start	-518.169495 307.089569 -439.462311	-0.075 -0.000 0.075
player_start	-943.933411 98.975990 -703.470642	-0.248 0.020 0.143
player_start	-678.765381 -76.638626 -703.448242	-0.058 -0.000 0.058
player_start	-1246.530762 -129.195313 -703.468262	-0.082 0.000 -0.082
player_start	-1328.902588 -14.703376 -703.444763	-0.054 -0.000 0.054
player_start	-770.202332 115.714844 -703.454407	-0.066 0.000 -0.066
player_start	-1296.663086 -1502.644287 -703.434631	-0.042 -0.000 0.042
player_start	-1612.366211 -2074.107178 -703.460449	-0.073 -0.000 0.073
player_start	-659.807800 -3121.568848 -383.447540	-0.057 -0.000 0.057
player_start	-1287.196045 -3011.596191 -383.462341	-0.075 -0.000 0.075
player_start	-136.582306 -2450.495117 -383.469299	-0.084 -0.000 0.084
player_start	-145.910721 -1790.687012 -383.473572	-0.089 -0.000 0.089
player_start	-644.652466 -1222.947144 -383.437958	-0.045 -0.000 0.046
player_start	-1287.612915 -1325.054199 -383.446136	-0.056 -0.000 0.056
player_start	-1463.695923 -1618.953857 -383.456116	-0.068 -0.000 0.068
player_start	-2151.392578 -1832.280396 -383.453644	-0.065 -0.000 0.065
player_start	-2119.152100 -2487.553223 -383.436829	-0.044 -0.000 0.045
player_start	-2245.753174 -2247.549072 -383.464264	-0.078 -0.000 0.078
