# morbus weapon/ammo placement overrides - Thank TTT for this lua code
# For map: mor_installation_gt1_re
# Exported by: Demonkush ( ͡° ͜ʖ ͡°)
setting:	replacespawns 1
weapon_mor_ump	1300.195313 1060.152466 32.769150	-0.537 -18.466 88.778
weapon_mor_ump	-993.263245 -1133.081055 216.667831	-0.265 -18.681 88.343
weapon_mor_ump	-465.304901 -2378.877686 344.760101	-0.515 -18.449 88.737
weapon_mor_ump	-2244.676270 -943.517212 192.771271	-0.542 -18.466 88.787
weapon_mor_ump	2187.612305 1073.704834 0.765766	-0.529 -18.455 88.763
weapon_mor_ump	1329.150879 2562.479980 192.765244	-0.527 -18.455 88.760
weapon_mor_ump	791.250671 2692.884766 192.776825	-0.555 -18.481 88.812
weapon_mor_ump	1530.621094 -549.158691 752.778015	-0.558 -18.481 88.817
weapon_mor_ka47	-1474.855225 2225.574951 1.463871	-0.686 -23.000 -84.670
weapon_mor_ka47	-2144.147217 -208.667953 321.471344	-0.702 -22.999 -84.785
weapon_mor_ka47	819.486450 -840.766663 25.452749	-0.815 -23.754 -84.659
weapon_mor_ka47	1584.513428 482.929474 1.461700	-0.682 -23.000 -84.637
weapon_mor_ka47	2414.581055 4366.674316 193.477249	-0.715 -22.999 -84.877
weapon_mor_ka47	-2721.528809 303.130493 321.479950	-0.721 -22.998 -84.918
weapon_mor_ka47	-48.428936 -1554.577271 321.469208	-0.698 -22.999 -84.753
weapon_mor_ka47	-3390.486816 2216.430420 1.456276	-0.670 -23.000 -84.553
weapon_mor_ka47	1557.804565 -448.658600 321.465942	-0.691 -23.000 -84.702
weapon_mor_sc7	-1043.581665 1319.866333 1.308777	0.208 -4.824 87.360
weapon_mor_sc7	1296.257324 1098.909180 33.288158	0.398 -4.824 87.043
weapon_mor_sc7	1810.913696 3326.641113 209.297913	0.308 -4.825 87.193
weapon_mor_sc7	1170.315308 3977.878906 193.295120	0.334 -4.825 87.150
weapon_mor_sc7	-2799.395996 1840.225708 225.298981	0.298 -4.823 87.209
weapon_mor_sc7	-2021.717041 -1767.583740 321.302490	0.266 -4.823 87.263
weapon_mor_sc7	-1254.554932 -2146.147949 345.300049	0.289 -4.823 87.226
weapon_mor_sc7	726.268066 70.565201 385.301514	0.275 -4.823 87.248
weapon_mor_sc7	-2147.086426 98.733742 1.304726	0.246 -4.824 87.297
weapon_mor_sc7	2317.668701 -548.765198 1.321203	0.094 -4.853 87.550
weapon_mor_sc7	-595.596313 -824.317566 353.295105	0.334 -4.824 87.150
weapon_mor_sc7	1417.136230 -987.849731 769.318542	0.118 -4.844 87.509
weapon_mor_sc7	2070.824463 1745.689209 321.296295	0.323 -4.823 87.168
mor_random_ammo	-3038.375732 2295.566895 224.363495	0.072 -0.000 -0.019
mor_random_ammo	-3018.155518 2341.658936 224.340012	0.047 -0.000 0.023
mor_random_ammo	-3039.550781 2384.707275 224.381012	0.190 0.001 0.171
mor_random_ammo	-3021.342285 2420.330811 224.443726	1.124 0.029 1.363
mor_random_ammo	-3042.123779 2463.980713 224.338379	-0.047 -0.000 -0.025
mor_random_ammo	1883.208862 -166.606537 752.365417	0.077 0.000 0.026
mor_random_ammo	1856.271973 -168.761673 752.380981	0.194 0.001 0.176
mor_random_ammo	1883.891602 -192.506958 752.376160	0.134 0.000 0.101
mor_random_ammo	1016.127075 2474.198242 224.378326	-0.137 -0.000 0.105
mor_random_ammo	983.945251 2959.574463 224.468826	-0.824 -0.024 0.996
mor_random_ammo	2011.910156 2942.581055 224.393723	-0.372 -0.002 0.396
mor_random_ammo	2054.355713 2477.241455 224.387863	-0.251 -0.001 0.247
mor_random_ammo	1544.902100 2480.210938 224.347626	-0.050 -0.000 -0.017
mor_random_ammo	1078.714722 2428.913086 224.443192	1.121 0.028 1.359
mor_random_ammo	1227.988892 2419.702881 96.335251	0.047 0.000 -0.027
mor_random_ammo	466.090179 2959.534668 224.335999	-0.047 -0.000 -0.027
mor_random_ammo	549.372314 3426.510254 224.367294	0.083 -0.000 -0.034
weapon_mor_r22	-3014.061035 2149.826172 225.534943	-1.347 -1.024 86.478
weapon_mor_r22	-118.562828 -1410.742554 193.708328	1.209 -0.945 77.035
weapon_mor_r22	-1808.889404 -1941.426392 193.627014	-1.372 -0.712 89.086
weapon_mor_r22	-3836.865479 -1263.825928 -14.441564	-1.327 -1.033 86.940
weapon_mor_r22	-402.901917 -871.767273 353.578644	-1.309 -1.356 87.341
weapon_mor_r22	-1847.200806 403.420319 1.579807	-1.309 -1.042 87.361
weapon_mor_r22	752.060852 -435.710571 753.607788	-1.813 -0.665 86.880
weapon_mor_vek	824.472351 806.280273 33.108692	0.404 -3.092 88.686
weapon_mor_vek	-1830.971802 -193.134827 1.096926	0.575 -3.087 88.516
weapon_mor_vek	500.363678 -1352.960571 1.089623	0.691 -3.085 88.408
weapon_mor_vek	-1854.118408 -695.628540 193.093262	0.629 -3.086 88.463
weapon_mor_vek	-700.386719 -871.406799 353.116486	0.290 -3.094 88.799
weapon_mor_vek	1676.342529 -225.138367 673.110229	0.381 -3.093 88.709
weapon_mor_uzi	-1731.519653 3772.260498 26.037560	0.000 0.000 0.000
weapon_mor_uzi	-1531.427002 1385.813599 2.037560	0.000 0.000 0.000
weapon_mor_uzi	634.751404 801.726013 34.037560	0.000 0.000 0.000
weapon_mor_uzi	1753.099976 3330.072998 210.037552	0.000 0.000 0.000
weapon_mor_uzi	-1245.554443 623.135620 322.037537	0.000 0.000 0.000
weapon_mor_uzi	130.805511 -2544.618164 194.037537	0.000 0.000 0.000
weapon_mor_uzi	-645.329163 -109.840973 218.037552	0.000 0.000 0.000
weapon_mor_uzi	-542.742004 -1000.624817 354.037537	0.000 0.000 0.000
weapon_mor_lz400	-2448.614258 1248.000122 0.500152	-2.319 -18.122 85.773
weapon_mor_lz400	1952.372559 2014.215698 16.502069	-2.309 -18.122 85.770
weapon_mor_lz400	-459.704895 914.783936 24.487478	-2.382 -18.123 85.795
weapon_mor_lz400	-3822.440674 2834.155762 176.488327	-2.378 -18.123 85.794
item_ammo_smg1_mor	1314.025269 1073.641846 32.517185	-0.267 0.014 -0.230
item_ammo_smg1_mor	1301.778931 1073.641968 32.411224	0.267 -0.005 0.167
item_ammo_smg1_mor	1286.744507 1074.408203 32.514626	-0.261 0.012 -0.228
item_ammo_smg1_mor	795.734558 796.202637 32.535881	-0.145 0.017 -0.127
item_ammo_smg1_mor	860.768311 795.292236 32.514969	-0.276 0.013 -0.235
item_ammo_smg1_mor	781.813477 796.390198 32.420151	0.424 -0.004 0.273
item_ammo_smg1_mor	771.139282 816.226013 32.526463	-0.679 0.303 -0.201
item_ammo_smg1_mor	1433.774170 2672.929443 224.529755	-0.419 0.000 -0.050
item_ammo_smg1_mor	1414.086182 2673.636475 224.378204	0.065 -0.005 0.031
item_ammo_smg1_mor	1432.090454 2649.274170 224.399292	0.153 -0.005 0.091
item_ammo_smg1_mor	1416.284302 2648.753906 224.383728	0.079 -0.005 0.040
item_ammo_smg1_mor	1430.329590 2619.135254 224.501266	-0.828 0.011 -0.620
item_ammo_smg1_mor	1414.475586 2619.718994 224.528381	-0.185 0.017 -0.161
item_ammo_smg1_mor	-3036.912842 2173.605469 224.474609	0.567 -0.014 0.259
item_ammo_smg1_mor	-3013.249023 2171.917725 224.389069	0.098 -0.005 0.054
item_ammo_smg1_mor	-3034.780273 2199.939453 224.420151	0.425 -0.004 0.274
item_ammo_smg1_mor	-3013.726318 2201.273438 224.482101	-0.081 -0.002 -0.173
item_ammo_smg1_mor	-982.021667 -1172.053589 216.518845	-0.236 0.015 -0.206
item_ammo_smg1_mor	-996.760803 -1173.655396 216.413513	0.300 -0.005 0.190
item_ammo_smg1_mor	-1844.063721 -165.546707 0.483407	0.376 0.001 -0.368
item_ammo_smg1_mor	-1811.424438 -166.689133 0.519507	0.232 -0.015 -0.202
item_ammo_smg1_mor	-120.995148 -1378.160889 192.529663	0.483 1.934 -0.395
item_ammo_smg1_mor	-111.580864 -1397.736572 192.498718	0.271 -1.309 0.374
item_ammo_smg1_mor	-449.183655 -2362.395996 344.428589	-0.673 0.003 0.439
item_ammo_smg1_mor	-478.384552 -2362.634521 344.401764	-0.170 0.005 0.102
item_ammo_smg1_mor	496.561646 -1318.382935 0.391678	-0.110 0.005 0.061
item_ammo_smg1_mor	525.477966 -1318.555542 0.408908	-0.238 0.005 0.148
item_ammo_smg1_mor	-1819.791748 -1969.803589 192.552979	0.068 0.868 -0.037
item_ammo_smg1_mor	-1840.938232 -1937.803101 192.430603	-0.748 0.002 0.490
item_ammo_smg1_mor	-2226.784180 -910.536804 192.404175	0.191 -0.005 0.116
item_ammo_smg1_mor	-2244.327148 -911.999878 192.481339	-0.376 -0.001 -0.361
item_ammo_smg1_mor	-1840.590454 -672.428772 192.518646	-0.251 0.014 -0.211
item_ammo_smg1_mor	-1867.447266 -672.938965 192.504028	-0.733 0.012 -0.554
item_ammo_smg1_mor	-3824.930176 -1310.366577 -15.569406	0.745 -0.002 0.487
item_ammo_smg1_mor	-3847.868896 -1297.241943 -15.467023	-0.154 0.016 -0.132
item_ammo_smg1_mor	2140.776855 1064.828247 0.394253	0.122 -0.005 0.070
item_ammo_smg1_mor	2147.360107 1091.825684 0.535652	-0.155 0.018 -0.134
item_ammo_smg1_mor	1292.049805 2549.584961 192.509872	-0.363 0.011 -0.301
item_ammo_smg1_mor	1271.182373 2545.157715 192.505203	-0.532 0.010 -0.411
item_ammo_smg1_mor	747.253357 2668.004639 192.389069	0.098 -0.005 0.054
item_ammo_smg1_mor	774.584045 2660.296387 192.481171	-0.087 -0.002 -0.174
item_ammo_smg1_mor	-684.931519 -845.300293 352.529938	-0.178 0.017 -0.156
item_ammo_smg1_mor	-662.910339 -836.130676 352.455261	0.327 -0.060 -0.008
item_ammo_smg1_mor	-418.214355 -836.425964 352.530365	0.097 -0.791 -0.022
item_ammo_smg1_mor	-408.251801 -856.097168 352.514648	0.099 0.049 0.150
item_ammo_smg1_mor	-725.145325 -967.596985 352.415741	0.337 -0.005 0.215
item_ammo_smg1_mor	-725.849609 -1004.210938 352.517456	-0.243 0.014 -0.212
item_ammo_smg1_mor	-726.625549 -1035.761353 352.505432	-0.533 0.010 -0.412
item_ammo_smg1_mor	-726.924072 -1074.503662 352.505798	-0.594 0.011 -0.459
item_ammo_smg1_mor	-1791.933838 616.009766 0.533905	0.170 -0.018 -0.146
item_ammo_smg1_mor	-1828.090088 620.538208 0.420154	-0.422 0.004 0.272
item_ammo_smg1_mor	740.108093 -411.519012 752.502380	-0.800 0.013 -0.599
item_ammo_smg1_mor	757.167542 -413.727814 752.394226	0.122 -0.005 0.070
item_ammo_smg1_mor	1661.373657 -187.773651 672.432617	-0.851 0.001 0.558
item_ammo_smg1_mor	1692.175659 -189.179901 672.513916	-0.264 0.012 -0.230
item_ammo_smg1_mor	1462.994751 -551.718567 752.509583	0.364 -0.011 -0.302
item_ammo_smg1_mor	1604.763184 -548.051086 752.406555	0.214 -0.005 0.132
item_ammo_smg1_mor	1235.506104 -161.033829 768.505371	0.595 -0.011 -0.458
item_ammo_smg1_mor	1239.229370 -191.864594 768.479309	-0.509 0.001 0.217
item_ammo_smg1_mor	1253.493164 -157.785889 768.520203	0.228 -0.015 -0.199
item_ammo_smg1_mor	1254.019897 -186.237045 768.399292	-0.152 0.005 0.090
weapon_mor_p229	-1446.798950 3767.394531 24.176033	36.633 0.393 0.053
weapon_mor_p229	-1499.863647 3763.782715 24.176033	36.633 0.393 0.053
weapon_mor_p229	-1478.121338 3764.938232 24.176033	36.633 0.393 0.053
weapon_mor_p229	-1455.707764 3766.032715 24.185490	36.505 0.385 0.041
weapon_mor_p229	-1485.358643 3777.589600 24.890007	-0.278 42.651 89.544
weapon_mor_p229	1085.520752 825.362610 32.895195	0.234 22.192 89.944
weapon_mor_p229	1313.445923 1034.232422 32.190125	36.442 0.381 0.034
weapon_mor_p229	1288.113892 1029.686646 32.884857	-2.071 -36.583 -90.939
weapon_mor_p229	1308.735229 1007.872009 32.194374	36.384 0.378 0.029
weapon_mor_p229	1132.400269 2678.070313 224.207504	36.205 0.367 0.011
weapon_mor_p229	1145.740234 2702.398682 224.130951	36.340 0.415 0.386
weapon_mor_p229	-3021.365967 2107.371338 224.176041	36.633 0.393 0.053
weapon_mor_p229	-3044.449951 2122.966064 224.189346	36.452 0.382 0.035
weapon_mor_p229	-1045.296265 -1124.581421 216.191635	36.421 0.380 0.032
weapon_mor_p229	-1040.648682 -1159.785278 216.174194	36.658 0.394 0.056
weapon_mor_p229	-1252.928223 -2175.385254 344.174225	36.658 0.393 0.056
weapon_mor_p229	-1273.680664 -2206.740723 344.181610	36.557 0.387 0.046
weapon_mor_p229	-478.806335 -2429.013184 344.177826	36.609 0.390 0.051
weapon_mor_p229	834.036316 -1486.922485 192.189743	36.447 0.381 0.035
weapon_mor_p229	409.481293 -2230.817627 192.171600	36.693 0.396 0.059
weapon_mor_p229	-2129.230713 291.457916 320.166687	36.760 0.399 0.066
weapon_mor_p229	-2146.633789 276.712891 320.169586	36.721 0.397 0.062
weapon_mor_p229	-3768.428711 -1101.924194 -15.831148	36.731 0.399 0.063
weapon_mor_p229	-3101.760986 -1112.821167 0.185943	36.498 0.385 0.040
weapon_mor_p229	-570.592224 -986.786743 352.188110	36.469 0.384 0.037
weapon_mor_p229	-582.646118 -1010.004517 352.870728	-0.900 -37.145 -89.901
weapon_mor_p229	-1780.802490 498.977478 0.182114	36.550 0.388 0.045
weapon_mor_p229	-3339.630371 3107.809570 192.189346	36.452 0.382 0.035
weapon_mor_p229	330.329681 -274.072968 848.170227	36.712 0.397 0.061
weapon_mor_p229	370.323059 -272.601044 848.185974	36.498 0.385 0.040
weapon_mor_p229	1775.580688 -181.800446 752.168152	36.741 0.400 0.064
info_alien_spawn	1673.918945 3021.277100 737.556519	0.052 0.000 0.052
info_alien_spawn	1908.176025 3036.155273 737.566284	0.041 0.000 0.041
info_alien_spawn	1698.579712 2824.762939 737.539490	-0.073 -0.000 0.073
info_alien_spawn	1901.958740 2844.791748 737.552429	-0.057 0.000 0.057
info_alien_spawn	228.618225 298.722137 737.533752	-0.080 -0.000 0.080
info_alien_spawn	410.856903 304.151855 737.524109	-0.092 0.000 0.092
info_alien_spawn	242.581528 465.317200 737.524109	-0.092 0.000 0.092
info_alien_spawn	397.773560 462.115265 737.550232	-0.060 0.000 0.060
info_alien_spawn	-1187.187134 -462.137390 737.570984	-0.035 0.000 0.034
info_alien_spawn	-1311.407837 -476.239136 737.567322	0.113 0.031 -0.009
info_alien_spawn	-1403.295044 -529.525635 737.555847	0.053 -0.000 0.053
info_alien_spawn	-1332.140381 -392.127747 737.560974	0.137 -0.058 -0.014
info_alien_spawn	-1184.322876 -362.863342 737.567810	-0.039 0.000 0.038
info_alien_spawn	-1190.454102 -149.503342 737.534729	-0.079 -0.000 0.079
info_alien_spawn	-1187.601563 -4.535652 737.527466	-0.088 -0.000 0.088
info_alien_spawn	-1292.437256 -96.293983 737.543823	-0.068 -0.000 0.068
info_alien_spawn	-1379.053223 -5.860193 737.536682	-0.076 0.000 0.076
info_alien_spawn	-1377.927246 -205.431580 737.558411	-0.050 -0.000 0.050
info_alien_spawn	-1202.993896 -1149.901123 737.557190	-0.052 -0.000 0.052
info_alien_spawn	-1213.671509 -1006.747375 737.526733	-0.237 0.092 -0.005
info_alien_spawn	-1352.584229 -1146.237305 737.546692	-0.185 0.004 -0.014
info_alien_spawn	-1366.551636 -1009.651794 737.522949	-0.093 0.000 0.093
info_alien_spawn	-2309.433594 -709.603149 737.577332	-0.140 -0.047 -0.119
info_alien_spawn	-2169.990479 -699.026245 737.538452	-0.240 0.039 -0.046
info_alien_spawn	-2173.676025 -847.902832 737.580017	0.080 0.061 -0.017
info_alien_spawn	-2317.106934 -839.241272 737.528564	-0.086 0.000 0.086
info_alien_spawn	-4049.102539 -869.598145 737.541260	-0.071 0.000 0.071
info_alien_spawn	-3854.046631 -898.223145 737.527466	-0.088 -0.000 0.088
info_alien_spawn	-3967.082275 -874.511292 737.565308	-0.042 0.000 0.042
info_alien_spawn	-4032.953613 -802.512512 737.545959	-0.229 -0.059 -0.057
info_alien_spawn	-3866.327393 -793.615051 737.540344	-0.072 -0.000 0.072
info_alien_spawn	-4027.842041 -615.571045 737.562500	-0.161 -0.060 -0.043
info_alien_spawn	-3876.629395 -625.607178 737.532715	-0.081 0.000 0.081
info_alien_spawn	-4061.856934 3166.726318 737.552429	-0.057 0.000 0.057
info_alien_spawn	-4071.281250 3019.282715 737.551697	-0.058 0.000 0.058
info_alien_spawn	-3951.437256 3120.353027 737.527466	-0.088 -0.000 0.088
info_alien_spawn	-3908.935547 3029.273193 737.542969	-0.069 -0.000 0.069
info_alien_spawn	-3658.520264 3028.861328 737.547485	-0.220 -0.080 -0.053
info_alien_spawn	1634.218628 -955.165527 981.539551	-0.073 -0.000 0.073
info_alien_spawn	1460.530884 -949.580261 981.545593	-0.066 -0.000 0.066
info_alien_spawn	1602.689331 -694.740479 981.537659	-0.075 -0.000 0.075
info_alien_spawn	1429.370361 -691.498108 981.527527	-0.088 -0.000 0.088
info_alien_spawn	1536.517212 -858.490601 981.541321	-0.071 0.000 0.071
info_alien_spawn	1509.439331 -743.677368 981.525330	-0.090 0.000 0.090
info_alien_spawn	1416.852417 -846.649902 981.520691	-0.096 0.000 0.096
info_alien_spawn	1559.413940 -966.582520 981.525330	-0.090 0.000 0.090
info_alien_spawn	1654.640625 -860.965515 981.526428	-0.089 0.000 0.089
info_alien_spawn	1613.325439 -771.055176 981.534790	-0.079 -0.000 0.079
mor_random_weapon	-1467.078125 2498.350342 1.205420	1.814 4.712 -92.737
mor_random_weapon	913.205750 1376.843262 1.211417	1.747 4.706 -92.892
mor_random_weapon	952.448853 3033.281982 65.228653	1.552 4.683 -93.338
mor_random_weapon	1230.205200 3138.262451 1.196125	1.919 4.718 -92.497
mor_random_weapon	961.061340 2541.781982 65.207314	1.793 4.710 -92.786
mor_random_weapon	585.075806 2871.156738 65.232353	1.510 4.677 -93.434
mor_random_weapon	941.769775 3536.305908 65.211967	1.740 4.705 -92.906
mor_random_weapon	1609.958618 3524.446045 65.144905	2.245 2.271 -92.739
mor_random_weapon	1981.370728 3012.349121 65.228180	1.557 4.169 -93.325
mor_random_weapon	1966.894409 2488.287842 65.242455	1.395 3.907 -93.696
mor_random_weapon	1100.943848 2500.659668 65.235153	1.478 4.692 -93.506
mor_random_weapon	559.650513 3389.958008 66.660233	-4.009 2.762 -13.181
mor_random_weapon	-3026.569580 2448.067139 225.221802	1.629 4.694 -93.160
mor_random_weapon	744.808228 -1031.538086 321.205414	1.814 4.712 -92.737
mor_random_weapon	-1576.789307 3798.854980 25.233471	1.497 4.121 -93.463
mor_random_weapon	-3833.356934 2263.064209 1.191176	1.975 4.719 -92.369
mor_random_weapon	930.598145 -811.187134 849.236633	1.461 4.670 -93.544
item_ammo_battery_mor	1259.187500 808.461731 38.119465	0.020 -0.096 0.159
item_ammo_battery_mor	1273.645630 2679.349854 198.104935	0.023 -0.095 0.185
item_ammo_battery_mor	-3032.313232 2236.941406 230.096802	0.025 -0.095 0.200
item_ammo_battery_mor	-2431.760498 -59.208481 326.037903	0.037 -0.088 0.305
item_ammo_battery_mor	-2733.339355 -1917.936157 266.109528	-0.005 -0.077 0.149
item_ammo_battery_mor	-525.275024 -125.599564 222.091614	0.026 -0.095 0.209
item_ammo_battery_mor	-704.180725 -932.041626 358.039886	0.088 0.040 -0.582
item_ammo_battery_mor	-715.720703 -948.863159 358.130798	0.017 0.096 -0.139
item_ammo_battery_mor	771.720947 -686.210327 850.134216	0.016 -0.096 0.133
item_ammo_battery_mor	743.622803 -687.153442 850.084290	0.027 -0.094 0.222
item_ammo_battery_mor	1290.168091 -196.915039 774.064087	0.032 -0.092 0.258
item_ammo_battery_mor	460.909271 3484.604004 230.070450	0.030 -0.094 0.247
item_ammo_battery_mor	481.757538 3504.855469 230.129608	0.017 -0.096 0.141
item_ammo_buckshot_mor	1784.999146 4185.069824 208.433411	-0.624 -0.007 0.554
item_ammo_buckshot_mor	1769.415039 4182.609863 208.382492	-0.051 -0.004 0.028
item_ammo_buckshot_mor	1254.882813 3241.919922 16.452908	-0.498 -0.005 0.389
item_ammo_buckshot_mor	1245.501831 3230.905273 16.341055	0.525 0.003 -0.415
item_ammo_buckshot_mor	-2721.231445 2224.364258 224.384933	-1.000 -0.010 0.896
item_ammo_buckshot_mor	-2743.112061 2223.478027 224.374313	0.751 -0.022 -0.518
item_ammo_buckshot_mor	0.151675 62.899136 0.369258	-0.135 -0.123 -0.020
item_ammo_buckshot_mor	20.784332 69.371429 0.380302	-0.048 0.002 0.125
item_ammo_buckshot_mor	-4313.134766 1260.952271 0.334949	0.384 0.004 -0.300
item_ammo_buckshot_mor	-4294.190918 1263.189331 0.419433	-0.725 -0.005 0.647
weapon_mor_beretta	1293.408325 974.979980 33.538147	87.280 -11.621 -43.567
weapon_mor_beretta	1304.258179 949.692871 33.542473	86.896 -6.818 -38.777
weapon_mor_beretta	-458.691528 -2449.943115 345.535828	87.476 -14.782 -46.727
weapon_mor_beretta	-1164.206909 -1923.027344 1.546095	86.557 -3.586 -35.566
weapon_mor_beretta	-490.159607 -1005.919678 353.543243	86.825 -6.072 -38.037
weapon_mor_beretta	-4430.464844 3291.153320 193.539352	87.176 -10.164 -42.113
weapon_mor_mars	-1650.334106 3770.727051 25.144583	-0.367 17.410 87.344
weapon_mor_mars	1294.416016 909.833984 33.132977	-0.383 17.409 87.068
weapon_mor_mars	1419.815918 2748.688477 225.140091	-0.438 6.502 86.963
weapon_mor_mars	-3669.770264 2625.204590 217.131760	-0.384 17.409 87.039
weapon_mor_mars	348.973877 -1012.336670 321.129608	-0.387 17.408 86.988
weapon_mor_mars	-23.012777 -30.274780 193.128250	-0.389 17.408 86.956
weapon_mor_mars	-3885.972656 -522.714050 -14.870824	-0.388 17.409 86.978
weapon_mor_mars	-2722.949219 -475.676025 -14.864763	-0.379 17.410 87.122
weapon_mor_mars	846.994873 -1006.710632 849.129639	-0.387 17.408 86.988
weapon_mor_gr4	1132.266479 2745.907715 224.890289	-0.882 4.728 91.116
weapon_mor_gr4	2438.872070 2306.909668 16.810759	-0.450 4.627 87.239
weapon_mor_gr4	-2736.569092 2403.017578 225.439636	-1.555 -0.467 -83.985
weapon_mor_gr4	-4046.657471 3401.061035 216.807083	-0.429 4.627 87.120
weapon_mor_gr4	463.712677 -2623.636230 193.466599	-1.356 -2.863 -83.139
weapon_mor_gr4	574.039368 -1297.284546 192.806091	-0.424 4.627 87.088
weapon_mor_gr4	-901.734070 -997.721680 392.440796	-0.472 4.626 87.369
weapon_mor_gr4	449.129425 -558.491943 848.815125	-0.474 4.626 87.381
weapon_glowstick	-1449.981934 3748.265869 31.007404	-0.423 0.866 -0.093
weapon_glowstick	-1470.356934 3747.770752 30.976583	-0.563 0.832 -0.123
weapon_glowstick	-1894.851563 3753.769775 30.974703	-0.572 0.833 -0.125
weapon_glowstick	-1665.919800 3487.153320 6.952002	-0.675 0.798 -0.148
weapon_glowstick	-1196.956177 2526.764893 6.945123	-0.707 0.765 -0.155
weapon_glowstick	-1492.902832 2338.679932 54.962795	-0.626 0.818 -0.137
weapon_glowstick	-284.121704 1312.298462 6.563036	-0.103 -0.122 0.001
weapon_glowstick	-1498.510376 1393.584595 6.956417	-0.655 0.795 -0.144
weapon_glowstick	-809.098572 1231.632568 7.016697	-0.380 0.870 -0.083
weapon_glowstick	887.599976 802.101807 39.007404	-0.423 0.866 -0.093
weapon_glowstick	891.295532 825.296082 38.988983	-0.507 0.853 -0.111
weapon_glowstick	429.627472 798.471191 6.956416	-0.655 0.795 -0.144
weapon_glowstick	1481.620850 1112.180176 6.997069	-0.470 0.860 -0.103
weapon_glowstick	1744.616943 660.970276 6.997069	-0.470 0.860 -0.103
weapon_glowstick	1139.679565 2792.581543 230.945129	-0.707 0.765 -0.155
weapon_glowstick	1143.274902 2810.775391 230.985580	-0.522 0.844 -0.115
weapon_glowstick	1420.819336 2578.910156 230.972794	-0.581 0.834 -0.127
weapon_glowstick	1842.696167 3341.922119 214.937912	-0.739 0.762 -0.162
weapon_glowstick	1747.221558 4194.074707 214.952789	0.536 0.008 0.782
weapon_glowstick	2482.432861 4145.518066 198.976593	-0.563 0.832 -0.124
weapon_glowstick	-2963.759521 3672.119629 6.942759	-0.717 0.766 -0.157
weapon_glowstick	-2724.349854 2472.159424 231.001633	-0.449 0.861 -0.098
weapon_glowstick	-2716.379395 2456.763428 230.974701	-0.572 0.833 -0.125
weapon_glowstick	-3037.931396 2027.126099 231.016693	-0.380 0.870 -0.083
weapon_glowstick	-3659.169434 3376.709961 222.958588	-0.645 0.795 -0.141
weapon_glowstick	-1087.459839 -1125.933838 222.987305	-0.514 0.844 -0.113
weapon_glowstick	-1511.107788 -1036.021362 -41.025497	0.425 -0.264 0.221
weapon_glowstick	-1100.540771 -929.165161 398.594910	-0.598 0.816 -0.131
weapon_glowstick	-1435.199585 -1368.934448 326.988983	-0.507 0.853 -0.111
weapon_glowstick	-2165.126465 -1749.338501 327.059631	-0.184 0.884 -0.040
weapon_glowstick	-2769.125488 -1914.558228 266.980408	-0.458 0.649 -0.101
weapon_glowstick	-1237.130249 -2500.214600 326.983856	-0.530 0.845 -0.116
weapon_glowstick	-155.411011 -1756.257446 6.993909	-0.484 0.854 -0.106
weapon_glowstick	225.989120 -2542.211914 194.257370	46.862 158.337 90.028
weapon_glowstick	800.158936 -935.827454 327.016724	-0.380 0.870 -0.083
weapon_glowstick	-392.313019 896.456787 30.980265	-0.546 0.844 -0.120
weapon_glowstick	467.051300 155.230499 391.046997	2.075 0.046 1.496
weapon_glowstick	-147.325012 937.993835 198.970856	-0.589 0.831 -0.129
weapon_glowstick	-729.730591 571.201172 7.039009	2.457 0.059 1.770
weapon_glowstick	-172.502686 -30.734379 6.992292	-0.492 0.854 -0.108
weapon_glowstick	2454.135498 3900.526611 7.019176	-0.369 0.874 -0.081
weapon_glowstick	-3769.020508 -690.817078 7.011507	-0.404 0.870 -0.089
weapon_glowstick	-2127.730713 8.342203 6.982060	-0.538 0.846 -0.118
weapon_glowstick	60.446125 -29.158674 255.011505	-0.404 0.870 -0.089
weapon_glowstick	1852.577515 -358.413757 7.004562	-0.436 0.866 -0.096
weapon_glowstick	-535.216553 -827.499878 358.942749	-0.717 0.766 -0.157
weapon_glowstick	-380.264343 -1035.793091 358.965790	-0.117 0.728 -0.778
weapon_glowstick	-1819.985718 396.173798 6.997068	-0.470 0.860 -0.103
weapon_glowstick	-3994.205566 341.300354 6.974702	-0.572 0.833 -0.125
weapon_glowstick	-4289.574707 1598.688477 7.005994	-0.429 0.867 -0.094
weapon_glowstick	-3959.083252 3399.203613 222.956421	-0.655 0.795 -0.144
weapon_glowstick	1379.083008 -181.090561 662.966858	-0.607 0.816 -0.133
weapon_glowstick	1596.396240 -502.103882 814.988953	-0.507 0.853 -0.111
weapon_glowstick	2460.594238 -334.519989 326.983856	-0.530 0.845 -0.116
weapon_glowstick	2086.818848 3500.268311 230.988983	-0.507 0.853 -0.111
weapon_mor_zx9	-1866.856567 3783.221436 29.047270	-2.774 -0.951 0.346
weapon_mor_zx9	1758.973022 3194.956787 197.074234	-2.745 -0.947 0.242
weapon_mor_zx9	-3023.175781 1848.887695 229.070389	-2.749 -0.948 0.257
weapon_mor_zx9	-2759.212402 1855.706177 229.037384	-2.785 -0.953 0.384
weapon_mor_zx9	-4404.309082 2408.112549 221.090302	-2.727 -0.945 0.180
weapon_mor_zx9	-1337.327515 58.984310 325.028046	-2.795 -0.954 0.421
weapon_mor_zx9	-503.977539 -1402.957642 325.035889	-2.787 -0.953 0.390
weapon_mor_zx9	1267.296509 -637.730469 325.021301	-2.803 -0.955 0.447
weapon_mor_zx9	190.044830 -2506.393066 269.060730	-2.727 -1.143 0.505
weapon_mor_m418	1039.796143 812.800354 33.228710	1.540 -11.276 83.098
weapon_mor_m418	-2737.732910 2307.505371 225.228699	1.540 -11.286 83.098
weapon_mor_m418	24.545881 397.041321 25.228704	1.540 -11.293 83.098
weapon_mor_m418	-515.198059 -812.608032 353.228699	1.540 -11.276 83.098
weapon_mor_blaster	1270.569702 807.523926 32.858238	2.225 -18.487 -84.173
weapon_mor_blaster	1277.161499 2696.793457 192.851212	2.222 -18.469 -84.100
weapon_mor_blaster	-3038.594482 2254.970947 224.918015	2.248 -18.498 -84.786
weapon_mor_blaster	-2418.946289 -52.667206 320.876953	2.232 -18.490 -84.364
weapon_mor_blaster	-2714.642334 -1928.359131 260.970490	1.889 -20.613 -85.989
weapon_mor_blaster	-524.665466 -112.021965 216.843750	2.219 -18.440 -84.024
weapon_mor_blaster	765.520813 -670.568420 844.841797	2.218 -18.436 -84.004
weapon_mor_blaster	462.802429 3505.924561 224.885101	2.235 -18.491 -84.448
weapon_mor_scarm8	1755.558838 4164.435547 209.234772	0.410 9.320 84.492
weapon_mor_scarm8	1203.666504 3236.366211 1.206926	0.516 9.316 83.921
weapon_mor_scarm8	-2731.039551 2250.351074 225.041016	-0.646 -14.637 -91.117
weapon_mor_scarm8	-5.603612 44.837872 1.209139	0.535 9.316 83.930
weapon_mor_scarm8	-4304.725098 1238.661499 1.211092	0.500 9.317 84.006
item_ammo_pistol_mor	-1436.253906 3800.954834 24.419811	-0.069 -0.020 -0.021
item_ammo_pistol_mor	-1459.930664 3800.273682 24.368805	-0.114 -0.020 -0.034
item_ammo_pistol_mor	-1478.630737 3800.707520 24.402687	-0.084 -0.020 -0.025
item_ammo_pistol_mor	-1497.905640 3799.699951 24.325600	-0.151 -0.018 -0.046
item_ammo_pistol_mor	-1530.057617 3799.583740 24.381844	-0.102 -0.020 -0.031
item_ammo_pistol_mor	-1512.741943 3799.663818 24.419811	-0.069 -0.020 -0.021
item_ammo_pistol_mor	-1431.000000 3763.144531 24.385323	-0.099 -0.020 -0.030
item_ammo_pistol_mor	-1513.387451 3763.431885 24.338198	-0.140 -0.019 -0.042
item_ammo_pistol_mor	-1540.873291 3763.768555 24.342976	-0.136 -0.019 -0.041
item_ammo_pistol_mor	-1574.574097 3764.854980 24.469637	0.094 0.242 0.159
item_ammo_pistol_mor	-1599.882813 3764.489502 24.349878	-0.130 -0.019 -0.039
item_ammo_pistol_mor	-1588.841431 3764.729248 24.494678	-0.066 -0.950 -0.047
item_ammo_pistol_mor	-1559.620850 3764.621094 24.425686	0.263 0.317 0.218
item_ammo_pistol_mor	-1532.215820 3764.158203 24.374561	-0.108 -0.020 -0.033
item_ammo_pistol_mor	-1810.160278 3790.680420 24.362780	-0.119 -0.019 -0.036
item_ammo_pistol_mor	-1795.414673 3790.227051 24.414896	-0.073 -0.020 -0.022
item_ammo_pistol_mor	-1776.842163 3790.576660 24.454941	-0.038 -0.020 -0.012
item_ammo_pistol_mor	-1747.204712 3789.120605 24.399740	-0.086 -0.020 -0.026
item_ammo_pistol_mor	-1703.333008 3789.485840 24.349878	-0.130 -0.019 -0.039
item_ammo_pistol_mor	-2186.958252 1390.550537 0.345311	-0.134 -0.019 -0.041
item_ammo_pistol_mor	-2200.627930 1393.621094 0.380064	-0.104 -0.020 -0.031
item_ammo_pistol_mor	-1551.024048 1396.437378 0.383596	-0.101 -0.020 -0.030
item_ammo_pistol_mor	-1568.454224 1395.865479 0.335753	-0.142 -0.019 -0.043
item_ammo_pistol_mor	620.677490 795.220276 32.374561	-0.108 -0.020 -0.033
item_ammo_pistol_mor	630.476318 795.292358 32.383595	-0.101 -0.020 -0.030
item_ammo_pistol_mor	1228.222778 804.678894 32.390347	-0.095 -0.020 -0.029
item_ammo_pistol_mor	1208.287476 804.253479 32.401222	-0.085 -0.020 -0.026
item_ammo_pistol_mor	1222.220703 806.015503 32.390610	-0.197 -0.025 -0.090
item_ammo_pistol_mor	1119.303711 793.413025 32.380287	-0.096 -0.001 -0.008
item_ammo_pistol_mor	1121.827148 821.507751 32.401222	-0.085 -0.020 -0.026
item_ammo_pistol_mor	1144.408203 804.840149 32.376423	-0.107 -0.020 -0.032
item_ammo_pistol_mor	1142.766846 827.158325 32.390560	-0.105 0.033 0.032
item_ammo_pistol_mor	1130.118042 798.715576 32.452911	-0.040 -0.020 -0.012
item_ammo_pistol_mor	1131.986816 826.030518 32.383709	-0.099 0.022 0.024
item_ammo_pistol_mor	1105.001953 802.558899 32.328194	-0.149 -0.018 -0.045
item_ammo_pistol_mor	1109.316772 821.180664 32.443836	-0.321 0.290 -0.461
item_ammo_pistol_mor	1306.758301 932.324951 32.457508	-0.036 -0.020 -0.011
item_ammo_pistol_mor	1291.498901 935.085938 32.362778	-0.119 -0.019 -0.036
item_ammo_pistol_mor	1313.237305 973.982849 32.335754	-0.142 -0.019 -0.043
item_ammo_pistol_mor	1306.138184 973.321899 32.385323	-0.099 -0.020 -0.030
item_ammo_pistol_mor	1316.688721 1021.128418 32.325600	-0.151 -0.018 -0.046
item_ammo_pistol_mor	1307.608032 1020.757324 32.352112	-0.128 -0.019 -0.039
item_ammo_pistol_mor	1316.895996 993.077209 32.393574	-0.092 -0.020 -0.028
item_ammo_pistol_mor	1307.813599 993.268982 32.360710	-0.121 -0.019 -0.037
item_ammo_pistol_mor	791.892212 815.447021 32.362778	-0.119 -0.019 -0.036
item_ammo_pistol_mor	669.550781 803.569214 32.325600	-0.151 -0.018 -0.046
item_ammo_pistol_mor	1128.856445 2589.872070 224.349884	-0.130 -0.019 -0.039
item_ammo_pistol_mor	1128.792358 2609.868652 224.387024	-0.098 -0.020 -0.030
item_ammo_pistol_mor	1736.336670 3362.373779 208.399536	0.108 0.035 -0.003
item_ammo_pistol_mor	1738.414673 3336.043945 208.345520	0.030 0.030 0.004
item_ammo_pistol_mor	-2718.517334 2024.169922 224.342972	-0.136 -0.019 -0.041
item_ammo_pistol_mor	-2743.345703 2022.240601 224.347610	-0.132 -0.019 -0.040
item_ammo_pistol_mor	-2721.779297 1942.547607 224.411011	-0.077 -0.020 -0.023
item_ammo_pistol_mor	-2739.158203 1941.786865 224.322968	-0.154 -0.018 -0.047
item_ammo_pistol_mor	-2719.515137 1908.580566 224.370758	-0.112 -0.020 -0.034
item_ammo_pistol_mor	-2740.198486 1907.991211 224.356476	-0.124 -0.019 -0.038
item_ammo_pistol_mor	-3043.905762 2079.876953 224.437683	-0.053 -0.020 -0.016
item_ammo_pistol_mor	-3004.983154 2083.174805 224.398239	-0.088 -0.020 -0.027
item_ammo_pistol_mor	-3743.776855 3417.764404 216.356476	-0.124 -0.019 -0.038
item_ammo_pistol_mor	-3697.482910 3422.846191 216.449326	-0.043 -0.020 -0.013
item_ammo_pistol_mor	-3654.725098 3417.524414 216.405548	-0.081 -0.020 -0.025
item_ammo_pistol_mor	-3679.449463 3416.474854 216.340607	-0.138 -0.019 -0.042
item_ammo_pistol_mor	-1232.958984 594.822449 320.372681	-0.110 -0.020 -0.033
item_ammo_pistol_mor	-1233.438843 566.621948 320.345337	-0.134 -0.019 -0.041
item_ammo_pistol_mor	-1066.947144 -1166.650513 216.374573	-0.109 -0.020 -0.033
item_ammo_pistol_mor	-1076.220703 -1166.518188 216.387024	-0.098 -0.020 -0.030
item_ammo_pistol_mor	-1090.786133 -1165.422119 216.423416	0.015 0.031 0.002
item_ammo_pistol_mor	-165.612396 -1376.122559 192.352112	-0.128 -0.019 -0.039
item_ammo_pistol_mor	-146.804169 -1373.642212 192.399750	-0.086 -0.020 -0.026
item_ammo_pistol_mor	132.254272 -2523.680664 192.399750	-0.086 -0.020 -0.026
item_ammo_pistol_mor	156.289490 -2521.517090 192.328201	-0.149 -0.018 -0.045
item_ammo_pistol_mor	-1274.255371 -2224.222168 344.393585	-0.092 -0.020 -0.028
item_ammo_pistol_mor	-1276.083496 -2181.000977 344.314819	-0.161 -0.017 -0.049
item_ammo_pistol_mor	-1279.127075 -2154.167725 344.333282	-0.145 -0.018 -0.044
item_ammo_pistol_mor	-443.808136 -2467.078857 344.325623	-0.151 -0.018 -0.046
item_ammo_pistol_mor	-457.816620 -2468.075195 344.340637	-0.138 -0.019 -0.042
item_ammo_pistol_mor	-1194.133545 -1954.257446 0.349878	-0.130 -0.019 -0.039
item_ammo_pistol_mor	-1178.788086 -1955.476318 0.393573	-0.092 -0.020 -0.028
item_ammo_pistol_mor	867.602295 -1482.795532 192.383606	-0.101 -0.020 -0.030
item_ammo_pistol_mor	855.531250 -1480.040039 192.421005	-0.068 -0.020 -0.021
item_ammo_pistol_mor	393.833954 -2213.768799 192.364822	-0.117 -0.019 -0.035
item_ammo_pistol_mor	408.207001 -2213.117920 192.398239	-0.088 -0.020 -0.027
item_ammo_pistol_mor	-668.044861 -118.720291 216.364822	-0.117 -0.019 -0.035
item_ammo_pistol_mor	-654.691589 -96.560883 216.347626	-0.132 -0.019 -0.040
item_ammo_pistol_mor	-681.883667 -95.409286 216.347626	-0.132 -0.019 -0.040
item_ammo_pistol_mor	-734.425781 -133.225830 216.368805	-0.114 -0.020 -0.034
item_ammo_pistol_mor	-735.662964 -104.692795 216.330765	-0.147 -0.018 -0.044
item_ammo_pistol_mor	-2133.557617 317.778320 320.391998	-0.093 -0.020 -0.028
item_ammo_pistol_mor	-2131.819580 349.545807 320.383606	-0.101 -0.020 -0.030
item_ammo_pistol_mor	-3774.424561 -1061.517578 -15.603297	-0.089 -0.020 -0.027
item_ammo_pistol_mor	-3796.303711 -1064.988525 -15.593059	-0.080 -0.020 -0.024
item_ammo_pistol_mor	-2963.697266 -1102.262085 0.362778	-0.119 -0.019 -0.036
item_ammo_pistol_mor	-2982.520508 -1105.972534 0.408318	-0.079 -0.020 -0.024
item_ammo_pistol_mor	-541.835327 -984.030396 352.354309	-0.126 -0.019 -0.038
item_ammo_pistol_mor	-521.537048 -984.699036 352.360687	-0.121 -0.019 -0.037
item_ammo_pistol_mor	-507.528137 -1016.793701 352.335754	-0.142 -0.019 -0.043
item_ammo_pistol_mor	-506.360321 -980.777405 352.370758	-0.112 -0.020 -0.034
item_ammo_pistol_mor	-597.830566 -1032.023560 352.350067	0.029 0.030 0.004
item_ammo_pistol_mor	-558.092712 -1008.776611 352.383575	-0.101 -0.020 -0.030
item_ammo_pistol_mor	-566.796021 -1038.481567 352.398224	-0.088 -0.020 -0.027
item_ammo_pistol_mor	-577.945435 -1032.817017 352.362976	0.027 0.031 0.004
item_ammo_pistol_mor	-362.871704 -943.352966 352.354492	0.028 0.030 0.004
item_ammo_pistol_mor	-377.061920 -940.345398 352.367004	0.026 0.031 0.004
item_ammo_pistol_mor	-373.320953 -907.257324 352.360901	0.027 0.031 0.004
item_ammo_pistol_mor	-388.884949 -896.276794 352.433777	-0.067 -0.002 0.045
item_ammo_pistol_mor	-361.748108 -963.688110 352.335968	0.032 0.030 0.005
item_ammo_pistol_mor	-375.993866 -969.996460 352.408447	0.018 0.031 0.003
item_ammo_pistol_mor	-362.518982 -992.595886 352.338409	0.031 0.030 0.005
item_ammo_pistol_mor	-375.493073 -996.947815 352.425659	0.014 0.031 0.002
item_ammo_pistol_mor	-364.854248 -1022.381348 352.393707	0.021 0.031 0.003
item_ammo_pistol_mor	-374.462311 -1020.447632 352.396851	0.020 0.031 0.003
item_ammo_pistol_mor	-1768.736450 402.649811 0.333270	-0.145 -0.018 -0.044
item_ammo_pistol_mor	-1801.067871 402.255615 0.376422	-0.107 -0.020 -0.032
item_ammo_pistol_mor	-3337.852783 3127.887451 192.354309	-0.126 -0.019 -0.038
item_ammo_pistol_mor	-3311.938477 3126.653809 192.383606	-0.101 -0.020 -0.030
item_ammo_pistol_mor	-4471.020996 3253.068359 192.342987	-0.136 -0.019 -0.041
item_ammo_pistol_mor	-4468.086914 3279.684082 192.340607	-0.138 -0.019 -0.042
item_ammo_pistol_mor	301.233154 -219.725937 848.381836	-0.102 -0.020 -0.031
item_ammo_pistol_mor	317.444489 -220.344498 848.381836	-0.102 -0.020 -0.031
item_ammo_pistol_mor	326.623596 -220.203522 848.406921	-0.080 -0.020 -0.024
item_ammo_pistol_mor	341.309265 -218.744171 848.398254	-0.088 -0.020 -0.027
item_ammo_pistol_mor	1203.462646 -160.398392 768.340637	-0.138 -0.019 -0.042
item_ammo_pistol_mor	1203.218750 -189.960938 768.405579	-0.081 -0.020 -0.025
item_ammo_pistol_mor	1216.977661 -155.919144 768.416138	-0.072 -0.020 -0.022
item_ammo_pistol_mor	1216.510864 -183.554199 768.428833	-0.061 -0.020 -0.018
weapon_mor_m20	2376.567139 2892.822998 194.696167	3.620 -11.169 -84.020
weapon_mor_m20	-172.218918 -1796.214600 2.702727	3.594 -11.177 -84.152
weapon_mor_m20	624.327271 2687.387695 194.696182	3.620 -11.169 -84.020
weapon_mor_m20	-2369.637939 -1264.063354 2.692229	3.636 -11.165 -83.941
weapon_mor_m20	2402.286377 369.788391 2.702059	3.597 -11.175 -84.139
weapon_mor_m20	-554.949585 -1068.268555 354.694061	3.628 -11.167 -83.978
weapon_mor_m20	2172.717529 831.573608 322.658112	3.796 -11.119 -83.705
weapon_mor_medkit	-1876.465332 3747.260986 24.501032	-0.362 -1.001 0.083
weapon_mor_medkit	-1879.633789 3753.162109 26.380089	-88.107 -69.931 76.465
weapon_mor_medkit	-1500.035767 2424.566162 0.465711	0.901 -5.128 0.099
weapon_mor_medkit	-855.767334 1244.084106 56.481419	-0.852 -0.264 0.032
weapon_mor_medkit	947.172852 820.718262 32.482979	-0.815 -0.269 0.036
weapon_mor_medkit	922.980042 797.897034 32.483280	-0.808 -0.274 0.037
weapon_mor_medkit	1841.860596 3317.028320 208.486267	-0.738 -0.279 0.047
weapon_mor_medkit	1756.374878 4198.002930 208.487717	-0.704 -0.281 0.051
weapon_mor_medkit	691.576294 4020.798340 0.490039	-0.649 -0.283 0.058
weapon_mor_medkit	-3012.112793 2012.485962 224.481094	-0.860 -0.264 0.031
weapon_mor_medkit	-3639.862061 2638.168945 216.496582	-0.469 -3.851 0.099
weapon_mor_medkit	-2663.065186 -1925.869141 260.430023	-2.163 -0.017 -0.260
weapon_mor_medkit	-2257.579590 -585.694153 19.861847	-1.050 -3.999 0.391
weapon_mor_medkit	-1249.573975 -2222.077393 344.477936	-0.934 -0.246 0.021
weapon_mor_medkit	-1228.438965 -2127.595459 344.484711	-0.775 -0.277 0.042
weapon_mor_medkit	-377.719086 918.451965 24.478662	-0.917 -0.256 0.023
weapon_mor_medkit	-631.692810 -83.771828 216.452789	-0.594 -2.213 -0.519
weapon_mor_medkit	-559.647949 -827.536621 352.502869	-0.347 -4.110 0.098
weapon_mor_medkit	-376.387085 -1059.561401 352.489624	-0.658 -0.283 0.057
weapon_mor_medkit	-3971.875244 3391.625244 216.489243	-0.668 -0.282 0.056
weapon_mor_medkit	1658.618286 -218.978439 672.479004	-0.908 -0.257 0.024
weapon_mor_medkit	1681.075806 -1031.706299 752.492004	-0.603 -0.285 0.065
weapon_mor_medkit	1631.804810 -1035.013794 320.479034	-0.908 -0.257 0.024
weapon_mor_medkit	529.781311 2896.332031 224.490417	-0.640 -0.284 0.060
mor_random_pistol	1080.688599 3770.841064 192.911209	2.245 -18.496 -84.716
mor_random_pistol	-2735.305420 2083.829102 224.833755	2.215 -18.401 -83.922
mor_random_smg	-2742.410400 2197.264160 225.094742	0.265 6.174 -87.222
mor_random_smg	-2728.412598 2144.823242 225.093964	0.293 6.174 -87.256
mor_random_smg	-507.185577 -1052.916626 353.093567	0.307 6.174 -87.273
item_ammo_revolver_mor	-1676.462280 3774.027832 24.362780	-0.119 -0.019 -0.036
item_ammo_revolver_mor	-1627.499634 3776.218018 24.428795	-0.061 -0.020 -0.018
item_ammo_revolver_mor	-1611.209717 3776.657227 24.414896	-0.073 -0.020 -0.022
item_ammo_revolver_mor	-1692.335449 3773.880859 24.366827	-0.115 -0.019 -0.035
item_ammo_revolver_mor	-1489.968750 2305.690186 0.370752	-0.112 -0.020 -0.034
item_ammo_revolver_mor	-1472.630249 2304.469238 0.338197	-0.140 -0.019 -0.042
item_ammo_revolver_mor	-1197.856812 2214.960938 0.325598	-0.151 -0.018 -0.046
item_ammo_revolver_mor	-1212.789429 2215.450928 0.451506	-0.041 -0.020 -0.012
item_ammo_revolver_mor	-2463.245361 1284.588623 0.381843	-0.102 -0.020 -0.031
item_ammo_revolver_mor	-2448.408203 1285.894409 0.333271	-0.145 -0.018 -0.044
item_ammo_revolver_mor	-1048.754883 1296.369873 0.349878	-0.130 -0.019 -0.039
item_ammo_revolver_mor	-1023.163086 1296.436401 0.404126	-0.083 -0.020 -0.025
item_ammo_revolver_mor	1020.096497 798.063416 32.356476	-0.124 -0.019 -0.038
item_ammo_revolver_mor	1011.172241 799.498047 32.428795	-0.061 -0.020 -0.018
item_ammo_revolver_mor	1315.456055 896.658630 32.345310	-0.134 -0.019 -0.041
item_ammo_revolver_mor	1315.200195 872.843689 32.322964	-0.154 -0.018 -0.047
item_ammo_revolver_mor	1293.005127 871.859680 32.360710	-0.121 -0.019 -0.037
item_ammo_revolver_mor	1316.682129 1123.966919 32.412323	-0.075 -0.020 -0.023
item_ammo_revolver_mor	1304.377686 1121.512329 32.335751	-0.142 -0.019 -0.043
item_ammo_revolver_mor	1292.669434 1121.182617 32.340603	0.138 0.019 -0.042
item_ammo_revolver_mor	1434.210449 2774.626953 224.395157	-0.091 -0.020 -0.027
item_ammo_revolver_mor	1416.431641 2782.175537 224.362778	-0.119 -0.019 -0.036
item_ammo_revolver_mor	1132.134521 2767.826660 224.333267	-0.145 -0.018 -0.044
item_ammo_revolver_mor	1147.175049 2766.608887 224.352112	-0.128 -0.019 -0.039
item_ammo_revolver_mor	1430.984253 2702.975586 224.398239	-0.088 -0.020 -0.027
item_ammo_revolver_mor	1419.282837 2704.445313 224.378265	-0.105 -0.020 -0.032
item_ammo_revolver_mor	1806.908081 3346.474609 208.366821	-0.115 -0.019 -0.035
item_ammo_revolver_mor	1822.967041 3346.408936 208.368805	-0.114 -0.020 -0.034
item_ammo_revolver_mor	1169.554443 4006.060791 192.362778	-0.119 -0.019 -0.036
item_ammo_revolver_mor	1187.284424 4005.753418 192.317581	-0.158 -0.017 -0.048
item_ammo_revolver_mor	2371.255127 2864.980713 192.345322	-0.134 -0.019 -0.041
item_ammo_revolver_mor	2351.338623 2869.859619 192.352112	-0.128 -0.019 -0.039
item_ammo_revolver_mor	1982.429199 1991.759155 16.330751	-0.147 -0.018 -0.044
item_ammo_revolver_mor	1980.930298 2026.608154 16.362780	-0.119 -0.019 -0.036
item_ammo_revolver_mor	2436.304932 2283.750732 16.387180	0.022 0.031 0.003
item_ammo_revolver_mor	2423.605713 2287.887939 16.338423	0.031 0.030 0.005
item_ammo_revolver_mor	-2821.185303 1821.643921 224.385330	-0.099 -0.020 -0.030
item_ammo_revolver_mor	-2842.384277 1822.164795 224.340607	-0.138 -0.019 -0.042
item_ammo_revolver_mor	-2863.343994 1821.715332 224.406937	-0.080 -0.020 -0.024
item_ammo_revolver_mor	-2886.518555 1821.218018 224.423309	-0.066 -0.020 -0.020
item_ammo_revolver_mor	-2910.560059 1820.701416 224.335754	-0.142 -0.019 -0.043
item_ammo_revolver_mor	-2937.874268 1820.115356 224.352097	-0.128 -0.019 -0.039
item_ammo_revolver_mor	-2962.890869 1819.641235 224.378265	-0.105 -0.020 -0.032
item_ammo_revolver_mor	-2971.716064 1845.116821 224.391968	-0.093 -0.020 -0.028
item_ammo_revolver_mor	-2943.226318 1845.936523 224.364822	-0.117 -0.019 -0.035
item_ammo_revolver_mor	-2918.979248 1846.369385 224.358612	-0.122 -0.019 -0.037
item_ammo_revolver_mor	-2896.738770 1846.680908 224.338196	-0.140 -0.019 -0.042
item_ammo_revolver_mor	-2862.547852 1847.486206 224.426910	0.912 -0.370 0.110
item_ammo_revolver_mor	-2826.204346 1847.440552 224.486481	0.000 -2.518 0.080
item_ammo_revolver_mor	-2715.172119 2340.940430 224.429840	-0.060 -0.020 -0.018
item_ammo_revolver_mor	-2742.912842 2341.281494 224.404129	-0.083 -0.020 -0.025
item_ammo_revolver_mor	-2718.405762 2428.272705 224.354309	-0.126 -0.019 -0.038
item_ammo_revolver_mor	-2733.661377 2426.627930 224.330750	-0.147 -0.018 -0.044
item_ammo_revolver_mor	-4056.432861 3420.085938 216.338211	-0.140 -0.019 -0.043
item_ammo_revolver_mor	-4038.050537 3419.906250 216.423309	-0.066 -0.020 -0.020
item_ammo_revolver_mor	-3700.782227 2609.048584 216.354324	-0.126 -0.019 -0.038
item_ammo_revolver_mor	-3717.414795 2608.596924 216.322968	-0.154 -0.018 -0.047
item_ammo_revolver_mor	-3731.077637 2608.400879 216.347626	-0.132 -0.019 -0.040
item_ammo_revolver_mor	-2138.198486 -227.316025 320.352112	-0.128 -0.019 -0.039
item_ammo_revolver_mor	-2164.762451 -231.253571 320.425568	-0.064 -0.020 -0.019
item_ammo_revolver_mor	-2025.712891 -1752.463867 320.333282	-0.145 -0.018 -0.044
item_ammo_revolver_mor	-2005.772095 -1751.976685 320.330780	-0.147 -0.018 -0.044
item_ammo_revolver_mor	471.053040 -2653.623047 192.322968	-0.154 -0.018 -0.047
item_ammo_revolver_mor	457.882202 -2650.308594 192.417389	-0.071 -0.020 -0.022
item_ammo_revolver_mor	-1273.068481 -2121.889404 344.338226	-0.140 -0.019 -0.043
item_ammo_revolver_mor	-1254.016968 -2123.960449 344.381866	-0.102 -0.020 -0.031
item_ammo_revolver_mor	-219.832916 -1767.758057 0.330752	-0.147 -0.018 -0.044
item_ammo_revolver_mor	-197.118271 -1765.564087 0.352110	-0.128 -0.019 -0.039
item_ammo_revolver_mor	568.061584 -1262.305664 192.464340	-0.030 -0.020 -0.009
item_ammo_revolver_mor	587.099243 -1263.688843 192.378265	-0.105 -0.020 -0.032
item_ammo_revolver_mor	337.992249 -989.832581 320.352112	-0.128 -0.019 -0.039
item_ammo_revolver_mor	367.305298 -985.622742 320.338196	-0.140 -0.019 -0.043
item_ammo_revolver_mor	-5.291402 -4.544041 192.448654	-0.278 0.063 -0.383
item_ammo_revolver_mor	16.580948 -2.617321 192.378265	-0.105 -0.020 -0.032
item_ammo_revolver_mor	47.080276 364.696503 24.412325	-0.075 -0.020 -0.023
item_ammo_revolver_mor	28.045958 368.702332 24.370752	-0.112 -0.020 -0.034
item_ammo_revolver_mor	-427.178070 931.043396 24.418612	-0.070 -0.020 -0.021
item_ammo_revolver_mor	-445.877655 933.184082 24.376423	-0.107 -0.020 -0.032
item_ammo_revolver_mor	833.352539 -870.637146 24.387024	-0.098 -0.020 -0.030
item_ammo_revolver_mor	805.873962 -870.940552 24.362780	-0.119 -0.019 -0.036
item_ammo_revolver_mor	669.014221 101.441986 384.340607	-0.138 -0.019 -0.042
item_ammo_revolver_mor	693.526489 74.839195 384.330750	-0.147 -0.018 -0.044
item_ammo_revolver_mor	1574.203857 524.402222 0.423308	-0.066 -0.020 -0.020
item_ammo_revolver_mor	1590.228882 519.844543 0.380064	-0.104 -0.020 -0.031
item_ammo_revolver_mor	590.760437 2677.843506 192.352112	-0.128 -0.019 -0.039
item_ammo_revolver_mor	593.935181 2700.864258 192.368805	-0.114 -0.020 -0.034
item_ammo_revolver_mor	2433.153076 4402.049316 192.419815	-0.069 -0.020 -0.021
item_ammo_revolver_mor	2409.424072 4397.630859 192.383606	-0.101 -0.020 -0.030
item_ammo_revolver_mor	-2751.527100 271.637024 320.338226	-0.140 -0.019 -0.043
item_ammo_revolver_mor	-2716.959717 275.489624 320.335754	-0.142 -0.019 -0.043
item_ammo_revolver_mor	-887.761658 -1026.146973 391.946320	-0.156 -0.017 -0.047
item_ammo_revolver_mor	-906.987793 -1025.175415 391.973633	-0.132 -0.019 -0.040
item_ammo_revolver_mor	-3871.979004 -540.678650 -15.608028	-0.093 -0.020 -0.028
item_ammo_revolver_mor	-3893.891602 -549.886597 -15.629250	-0.112 -0.020 -0.034
item_ammo_revolver_mor	-2341.803223 -1237.348022 0.378257	-0.105 -0.020 -0.032
item_ammo_revolver_mor	-2361.044678 -1234.296631 0.358607	-0.122 -0.019 -0.037
item_ammo_revolver_mor	-2731.179688 -454.532806 -15.643526	-0.124 -0.019 -0.038
item_ammo_revolver_mor	-2718.028564 -454.889343 -15.652389	-0.132 -0.019 -0.040
item_ammo_revolver_mor	-2134.716797 29.724722 0.368803	-0.114 -0.020 -0.034
item_ammo_revolver_mor	-2151.389648 28.322935 0.437614	0.233 0.049 0.131
item_ammo_revolver_mor	2345.711182 -589.625061 0.325594	-0.151 -0.018 -0.046
item_ammo_revolver_mor	2303.866943 -589.580078 0.366825	-0.115 -0.019 -0.035
item_ammo_revolver_mor	2425.986816 407.933411 0.342974	-0.136 -0.019 -0.041
item_ammo_revolver_mor	2441.053467 397.980865 0.358608	-0.122 -0.019 -0.037
item_ammo_revolver_mor	-549.944458 -799.175659 352.340607	-0.138 -0.019 -0.042
item_ammo_revolver_mor	-538.221863 -800.887451 352.408325	-0.079 -0.020 -0.024
item_ammo_revolver_mor	-626.076050 -811.678955 352.349884	-0.130 -0.019 -0.039
item_ammo_revolver_mor	-584.587646 -799.947571 352.338196	-0.140 -0.019 -0.042
item_ammo_revolver_mor	-564.268799 -800.764526 352.330750	-0.147 -0.018 -0.044
item_ammo_revolver_mor	-475.153900 -814.595398 352.342957	-0.136 -0.019 -0.041
item_ammo_revolver_mor	-588.853210 -1063.805420 352.374725	-0.024 -0.031 0.003
item_ammo_revolver_mor	-577.217346 -1065.995972 352.390350	-0.095 -0.020 -0.029
item_ammo_revolver_mor	-31.649483 -1591.608276 320.349884	-0.130 -0.019 -0.039
item_ammo_revolver_mor	-47.787380 -1589.675659 320.404144	-0.083 -0.020 -0.025
item_ammo_revolver_mor	-3350.452637 2234.132324 0.333270	-0.145 -0.018 -0.044
item_ammo_revolver_mor	-3349.364746 2212.946289 0.385321	-0.099 -0.020 -0.030
item_ammo_revolver_mor	-3848.951904 2875.211426 176.340607	-0.138 -0.019 -0.042
item_ammo_revolver_mor	-3825.867676 2868.848389 176.342972	-0.136 -0.019 -0.041
item_ammo_revolver_mor	829.958435 -1035.985596 848.404114	-0.083 -0.020 -0.025
item_ammo_revolver_mor	813.122192 -1030.965576 848.385315	-0.099 -0.020 -0.030
item_ammo_revolver_mor	469.180664 -585.859619 848.370728	-0.112 -0.020 -0.034
item_ammo_revolver_mor	447.894470 -585.979248 848.378235	-0.105 -0.020 -0.032
item_ammo_revolver_mor	1270.175049 -153.592911 768.343018	-0.136 -0.019 -0.041
item_ammo_revolver_mor	1269.310181 -180.463531 768.398254	-0.088 -0.020 -0.027
item_ammo_revolver_mor	1286.018311 -157.326736 768.387024	-0.098 -0.020 -0.030
item_ammo_revolver_mor	1299.649536 -155.652832 768.395142	-0.091 -0.020 -0.027
item_ammo_revolver_mor	1431.355957 -1026.523438 768.317566	-0.158 -0.017 -0.048
item_ammo_revolver_mor	1405.122559 -1024.573975 768.399780	-0.086 -0.020 -0.026
item_ammo_revolver_mor	1545.896118 -407.257843 320.370758	-0.112 -0.020 -0.034
item_ammo_revolver_mor	1562.749512 -409.729858 320.411011	-0.077 -0.020 -0.023
item_ammo_revolver_mor	2172.672607 819.783997 321.409668	-4.770 0.152 5.229
item_ammo_revolver_mor	2157.481445 820.007385 320.352112	-0.128 -0.019 -0.039
item_ammo_revolver_mor	2052.300537 1699.160522 320.340607	-0.138 -0.019 -0.042
item_ammo_revolver_mor	2083.325195 1706.640137 320.411011	-0.077 -0.020 -0.023
weapon_frag	-3824.790039 1912.790039 2.000030	0.000 0.000 0.000
weapon_frag	-3824.790039 1912.790039 2.000030	0.000 0.000 0.000
weapon_frag	-1908.926880 3789.514893 26.187338	-37.146 -55.312 -92.196
weapon_frag	682.130432 797.861389 34.144295	-36.489 -55.998 -91.151
weapon_frag	736.032227 818.406006 34.072254	-35.388 -57.052 -89.469
weapon_frag	-3248.090576 2375.223145 194.236816	-37.901 -54.469 -93.438
weapon_frag	-3831.210449 2373.674561 2.152152	-36.609 -55.876 -91.339
weapon_frag	-18.819414 -2295.891357 194.099365	-35.802 -56.671 -90.093
weapon_frag	-1193.429932 -2485.603516 322.211700	-37.518 -54.910 -92.802
weapon_frag	-509.201691 -103.935669 218.088104	-35.630 -56.832 -89.832
weapon_frag	-377.939575 -24.441547 2.138065	-36.394 -56.094 -91.002
weapon_frag	275.702789 2376.840576 2.148298	-36.550 -55.938 -91.247
weapon_frag	-1522.373779 -689.877991 393.719849	-35.718 -56.754 -89.964
weapon_frag	-539.669922 -1046.068848 354.154053	-36.638 -55.849 -91.385
weapon_frag	-27.899115 -1263.241333 322.202332	-37.375 -55.067 -92.567
weapon_frag	511.333344 -101.225395 374.192780	-37.229 -55.224 -92.330
weapon_frag	-110.967995 514.124268 354.127045	-36.225 -56.266 -90.741
weapon_frag	-513.762878 119.333763 226.146332	-36.520 -55.971 -91.199
weapon_frag	-3712.007568 3126.412842 274.967773	41.034 -97.324 97.884
weapon_frag	2430.340332 1667.203247 322.204529	-37.408 -55.031 -92.622
weapon_frag	2094.215576 2431.878906 226.096695	-35.762 -56.717 -90.031
weapon_frag	1577.941772 3499.369141 226.144318	-36.489 -56.000 -91.151
player_start	89.831772 -2304.312988 193.550262	-0.060 0.000 0.060
player_start	324.820465 -2554.187500 193.547974	-0.063 0.000 0.063
player_start	-717.643616 -2208.288818 321.524170	-0.092 0.000 0.092
player_start	-996.169128 -2384.165527 321.541321	-0.071 0.000 0.071
player_start	-1308.327637 -1791.153687 321.532806	-0.081 0.000 0.081
player_start	-1775.140381 -1921.695068 321.580688	0.023 0.000 0.023
player_start	-221.718277 -1391.407471 321.542206	-0.070 -0.000 0.070
player_start	-552.762329 -1262.300293 321.565857	-0.041 -0.000 0.041
player_start	-1335.312256 -702.211243 193.547180	-0.064 0.000 0.064
player_start	-995.863586 -915.541870 193.532791	-0.081 0.000 0.081
player_start	-1000.069946 -709.435974 393.158813	-0.081 0.000 0.081
player_start	-2461.536621 -397.651001 -14.446132	-0.056 0.000 0.056
player_start	-2612.176758 -1346.341064 -14.447539	-0.057 0.000 0.057
player_start	-2258.057129 -1113.559937 193.537659	-0.075 -0.000 0.075
player_start	-2417.524902 475.469147 1.539510	-0.073 -0.000 0.073
player_start	-2395.955811 286.723846 321.557220	-0.052 -0.000 0.052
player_start	-2268.775879 -138.223938 321.551758	-0.058 0.000 0.058
player_start	-1909.589111 596.394775 321.546387	-0.065 -0.000 0.065
player_start	-3130.984375 281.066345 -14.471395	-0.086 0.000 0.086
player_start	-3894.101807 131.865143 -14.431206	-0.038 -0.000 0.037
player_start	-3914.088867 -1059.846191 -14.455264	-0.067 0.000 0.067
player_start	-4154.718262 1460.486450 1.555238	-0.054 0.000 0.054
player_start	-4154.351074 2318.506836 1.529675	-0.085 0.000 0.085
player_start	-3480.324463 2054.455566 1.547178	-0.064 0.000 0.064
player_start	-3519.767334 2927.188965 193.533798	-0.080 -0.000 0.080
player_start	-4171.264160 2911.107422 193.551743	-0.058 0.000 0.058
player_start	-2862.643799 3341.173096 1.489663	0.028 0.000 -0.028
player_start	-2817.312500 3557.812988 1.471694	0.032 0.000 -0.032
player_start	-1728.839722 3358.530273 1.559711	-0.049 -0.000 0.048
player_start	-1786.499878 3632.860840 1.553168	-0.057 -0.000 0.056
player_start	-1555.160889 3533.412842 1.540413	-0.072 -0.000 0.072
player_start	-1700.424683 3582.791504 1.535752	-0.078 -0.000 0.078
player_start	482.305817 3231.321533 1.529656	-0.085 -0.000 -0.085
player_start	766.380188 2893.777100 193.566864	-0.040 -0.000 0.040
player_start	1568.887207 3297.128906 193.538300	-0.198 0.081 0.029
player_start	1070.177246 3956.310303 193.551010	-0.059 0.000 0.059
player_start	2427.376953 3269.740234 193.534836	-0.221 0.000 0.045
player_start	1517.548096 1985.437256 1.528604	-0.086 0.000 0.086
player_start	1181.576782 2122.512939 1.542183	-0.070 -0.000 0.070
player_start	1586.733887 749.742554 1.581805	-0.024 -0.000 0.019
player_start	1315.683228 1316.347778 1.541304	-0.071 0.000 0.071
player_start	565.636292 1304.274048 1.533786	-0.080 -0.000 0.080
player_start	-1739.272827 1318.850952 1.534776	-0.079 -0.000 0.079
player_start	-2389.385498 1292.853516 1.536712	-0.077 -0.000 0.076
player_start	-2453.825439 1055.307373 1.528604	-0.086 0.000 0.086
player_start	561.506348 -1629.135254 193.532791	-0.081 0.000 0.081
player_start	156.384476 -1922.958130 193.566864	-0.040 -0.000 0.040
player_start	-1134.833984 -1920.155640 193.523026	-0.093 0.000 0.093
player_start	-1563.285645 -1750.733154 1.535752	-0.078 -0.000 0.078
player_start	97.773903 -1895.470703 1.547952	0.063 -0.000 0.063
player_start	374.363495 -481.565552 1.538589	-0.074 -0.000 0.074
player_start	-332.073639 -333.771118 193.544739	-0.067 0.000 0.067
player_start	-366.264282 667.871582 1.564277	-0.043 0.000 0.043
player_start	112.309677 685.067444 193.540405	-0.072 0.000 -0.072
player_start	-432.414490 217.709198 1.528606	-0.086 0.000 0.086
player_start	-880.572144 412.459351 1.544737	-0.067 0.000 0.067
player_start	-710.464600 793.861389 1.532782	-0.081 0.000 0.081
player_start	879.079773 -352.515869 1.524169	-0.092 0.000 0.092
player_start	533.574829 -739.063904 1.553168	-0.057 -0.000 0.056
player_start	1614.864014 -482.253815 1.548744	-0.062 0.000 0.062
player_start	2094.106934 -582.764771 1.523015	-0.093 0.000 0.093
player_start	2146.905273 -393.004883 321.552460	-0.057 0.000 0.057
player_start	2175.023682 407.410980 321.528625	-0.086 0.000 0.086
player_start	1409.762207 -369.057617 321.562073	-0.046 0.000 0.046
player_start	1383.260010 -971.962708 321.537659	-0.075 -0.000 0.075
player_start	1403.364990 -702.619141 753.569702	-0.037 0.000 0.036
player_start	1655.177246 -668.550720 753.542175	-0.070 -0.000 0.070
player_start	1263.943359 -369.273895 753.559692	-0.049 -0.000 0.048
player_start	393.499847 -464.791809 849.543030	-0.069 -0.000 0.069
player_start	926.025696 -981.357178 849.569275	-0.037 0.000 0.037
player_start	1391.653687 4360.983887 193.527527	-0.088 -0.000 0.088
player_start	2088.073486 4279.746582 193.547180	-0.064 0.000 0.064
weapon_mor_usp	-1805.315308 3766.034180 24.997644	0.599 -34.396 -90.774
weapon_mor_usp	-1776.113525 3766.118896 24.971912	0.393 -34.400 -91.185
weapon_mor_usp	-2158.544922 1385.837891 1.009483	0.694 -34.393 -90.584
weapon_mor_usp	1241.055786 812.637329 32.974575	0.414 -34.400 -91.142
weapon_mor_usp	1191.707031 813.000549 32.975437	0.421 -34.400 -91.128
weapon_mor_usp	1173.539917 798.563721 33.005016	0.658 -34.394 -90.656
weapon_mor_usp	1180.285767 815.083801 32.995506	0.582 -34.396 -90.808
weapon_mor_usp	1156.299194 815.275757 33.012634	0.719 -34.393 -90.534
weapon_mor_usp	1073.011353 809.606689 32.998665	0.607 -34.395 -90.757
weapon_mor_usp	1089.903320 806.395203 32.999165	0.611 -34.395 -90.749
weapon_mor_usp	1092.569336 823.882019 32.990353	0.693 -33.594 -89.967
weapon_mor_usp	1291.784546 1005.572510 33.006210	0.668 -34.394 -90.637
weapon_mor_usp	804.584778 816.623840 32.998665	0.607 -34.395 -90.757
weapon_mor_usp	1133.235596 2574.806641 225.000153	0.619 -34.395 -90.734
weapon_mor_usp	1133.268555 2648.959961 224.974579	0.414 -34.400 -91.142
weapon_mor_usp	-2842.986328 1842.600586 224.996063	0.586 -34.396 -90.799
weapon_mor_usp	-2879.887695 1842.429443 225.017014	0.754 -34.393 -90.464
weapon_mor_usp	-2741.594238 1999.597168 225.002457	0.637 -34.395 -90.697
weapon_mor_usp	-3738.895752 3398.682373 217.001556	0.630 -34.395 -90.711
weapon_mor_usp	-1076.488403 -1137.561523 216.994965	0.577 -34.396 -90.817
weapon_mor_usp	-155.939957 -1395.957886 193.007721	0.680 -34.394 -90.613
weapon_mor_usp	-1233.393799 -2197.548096 345.006989	0.674 -34.394 -90.625
weapon_mor_usp	-721.550964 -120.994385 217.006989	0.674 -34.394 -90.625
weapon_mor_usp	-2140.316650 288.276001 321.001099	0.627 -34.395 -90.719
weapon_mor_usp	-592.222961 -993.886169 353.008789	0.688 -34.393 -90.595
weapon_mor_usp	350.591736 -252.552887 849.011719	0.712 -34.393 -90.548
