# morbus weapon/ammo placement overrides - Thank TTT for this lua code
# For map: mor_breach_b1
# Exported by: Remscar
setting:	replacespawns 1
weapon_mor_ump	3224.757324 -632.252136 73.393501	-0.039 -17.644 89.034
weapon_mor_ump	-921.165283 -924.291748 60.879452	-0.172 -17.772 89.140
weapon_mor_sc7	3810.626221 2974.656738 33.717812	0.306 -5.462 -81.655
weapon_mor_sc7	3764.515381 -1106.351196 81.633278	-0.009 -4.579 87.618
weapon_mor_sc7	4548.180664 -1509.421021 33.288841	0.392 -4.825 87.054
weapon_mor_sc7	3215.795410 -266.804688 73.813766	-0.020 1.222 87.739
weapon_mor_sc7	3218.499023 -207.723419 73.811043	0.006 -4.895 87.697
need_piss	4493.566406 1186.481323 79.676727	0.017 -0.984 90.150
need_piss	4358.677734 1201.575562 79.676727	0.017 1.480 90.150
need_piss	4236.966797 1203.585693 79.676727	0.017 -2.744 90.150
need_piss	4123.014648 1193.363647 79.676727	0.017 1.832 90.150
need_piss	4004.608887 1198.654907 79.676727	0.017 0.776 90.150
need_piss	3881.453125 1201.441406 79.676727	0.017 0.776 90.150
need_piss	3639.469238 1196.733765 79.676727	0.017 30.697 90.150
need_piss	3759.303955 1204.101318 79.676727	0.017 1.129 90.150
need_piss	3644.274170 1310.260376 79.676727	0.017 -179.447 90.150
need_piss	3780.157715 1304.197754 79.676727	0.017 -179.447 90.150
need_piss	3895.409668 1301.139282 79.676727	0.017 -179.447 90.150
need_piss	4012.187012 1304.078125 79.676727	0.017 -177.687 90.150
need_piss	4129.330078 1309.119629 79.676727	0.017 177.737 90.150
need_piss	4254.959473 1303.810913 79.676727	0.017 -175.223 90.150
need_piss	4375.777344 1306.179810 79.676727	0.017 -179.447 90.150
need_piss	4494.674805 1303.756714 79.676727	0.017 -179.447 90.150
mor_random_ammo	-445.652649 2257.234619 32.332829	0.047 0.000 -0.028
mor_random_ammo	-401.249817 2257.051514 32.353348	0.055 0.000 -0.007
mor_random_ammo	-355.042450 2256.856934 32.365429	0.077 0.000 0.026
mor_random_ammo	-311.761749 2256.674072 32.322739	0.047 0.000 -0.033
mor_random_ammo	-264.462128 2256.474121 32.349037	0.051 0.000 -0.014
mor_random_ammo	-205.822784 1522.073486 32.327862	0.047 0.000 -0.031
mor_random_ammo	-231.391434 1522.130371 32.414539	1.651 -0.035 -1.995
mor_random_ammo	378.386139 1586.185181 60.568047	1.475 0.035 1.788
mor_random_ammo	379.045868 1617.074585 60.504093	0.072 0.000 0.019
mor_random_ammo	379.903992 1655.412109 60.470955	0.046 0.000 -0.029
mor_random_ammo	380.793671 1695.281616 60.513351	0.109 0.000 0.069
mor_random_ammo	2844.551758 2227.919189 32.356350	-0.057 -0.000 -0.003
mor_random_ammo	2848.960205 2199.964111 32.389793	-0.286 -0.001 0.290
mor_random_ammo	2869.362549 2245.448242 32.382126	-0.172 -0.001 0.148
mor_random_ammo	2891.301514 2247.604004 32.450176	-1.605 -0.043 1.954
mor_random_ammo	2874.376465 2219.271973 32.352047	-0.053 -0.000 -0.011
mor_random_ammo	4593.876465 1684.942505 32.363506	0.073 0.000 0.019
mor_random_ammo	4597.209961 1671.556030 32.374500	0.121 0.000 0.084
mor_random_ammo	4579.443848 1683.695190 32.357525	0.060 0.000 0.001
mor_random_ammo	4581.146484 1667.759521 32.367317	0.084 0.000 0.036
mor_random_ammo	3855.531982 1307.107422 32.395676	-0.417 -0.003 0.451
mor_random_ammo	3833.562256 1307.972412 32.343079	-0.048 -0.000 -0.021
mor_random_ammo	4327.659180 1309.553589 32.392345	0.713 -0.007 -0.813
mor_random_ammo	4290.960938 1307.291748 32.394608	1.090 0.015 1.273
mor_random_ammo	3641.616211 969.459839 32.364651	-0.073 -0.000 0.020
mor_random_ammo	3637.367676 996.970947 32.343079	-0.048 -0.000 -0.021
mor_random_ammo	3636.753418 1025.879150 32.320873	-0.047 -0.000 -0.034
mor_random_ammo	3930.045898 1181.756470 32.404461	-0.740 -0.007 0.846
mor_random_ammo	3955.919922 1194.440063 32.450703	-1.400 -0.032 1.692
mor_random_ammo	4568.294922 1190.703247 32.349049	0.051 0.000 -0.014
mor_random_ammo	4559.313965 1151.033081 32.332859	0.047 -0.000 0.028
mor_random_ammo	4544.618652 1168.737915 32.433979	1.357 -0.033 -1.651
mor_random_ammo	5037.978027 54.173180 32.335278	0.047 -0.000 0.027
mor_random_ammo	5025.028320 55.221123 32.439648	1.190 0.029 1.440
mor_random_ammo	4878.857422 -843.330811 32.379318	0.170 -0.001 -0.146
mor_random_ammo	4881.839844 -1254.371338 32.377827	0.152 0.001 0.124
mor_random_ammo	4881.751953 -1820.921875 32.442871	1.078 0.028 1.301
mor_random_ammo	5041.876465 -2480.805176 32.433014	1.320 0.032 1.597
mor_random_ammo	5042.813965 -2463.568848 32.335255	0.047 0.000 -0.027
mor_random_ammo	4073.525635 -2328.662354 32.383949	0.246 0.001 0.241
mor_random_ammo	2679.514160 -2317.581543 32.361542	0.067 0.000 0.012
mor_random_ammo	2603.447510 -2316.729004 32.377838	0.151 0.001 0.122
mor_random_ammo	2079.630859 -2477.944092 32.320122	0.047 0.000 -0.034
mor_random_ammo	2206.009766 -1894.457642 32.387901	0.368 0.002 0.391
mor_random_ammo	2211.901367 -1944.806396 32.322742	0.047 0.000 -0.033
mor_random_ammo	2807.355469 -1680.574219 62.503540	-0.411 -0.019 0.495
mor_random_ammo	2829.374268 -1678.521606 62.376019	-0.052 -0.000 -0.011
mor_random_ammo	2853.718506 -1677.898560 62.394310	-0.088 -0.000 0.043
mor_random_ammo	2879.541504 -1676.763428 62.486992	-0.825 -0.024 0.986
mor_random_ammo	2912.967773 -1676.067871 62.476711	0.721 0.022 0.855
mor_random_ammo	2934.458496 -1675.508545 62.379356	0.054 0.000 -0.006
mor_random_ammo	2956.016357 -1674.971924 62.368637	0.047 0.000 -0.020
mor_random_ammo	2987.687500 -1674.183960 62.389221	0.071 0.000 0.020
mor_random_ammo	3015.717285 -1673.487183 62.377281	0.052 0.000 -0.009
mor_random_ammo	3040.040771 -1672.882324 62.391079	0.078 0.000 0.029
mor_random_ammo	3534.724365 -968.609680 81.179375	-0.073 0.000 -0.029
mor_random_ammo	3518.585205 -969.335754 81.155457	0.050 -0.000 0.010
mor_random_ammo	3499.447510 -968.457642 81.174332	-0.059 0.000 -0.009
mor_random_ammo	3655.681885 -946.187561 81.141068	0.044 -0.000 0.025
mor_random_ammo	3665.267578 -949.981506 81.171631	0.085 -0.000 -0.042
mor_random_ammo	3657.201904 -956.155396 81.143219	0.044 -0.000 0.024
mor_random_ammo	4617.092285 -798.755920 80.652565	0.044 -0.000 0.031
mor_random_ammo	4624.036621 -810.554749 80.662163	-0.042 0.000 0.031
mor_random_ammo	4628.604980 -789.170532 80.689339	0.068 -0.000 -0.018
mor_random_ammo	4634.361816 -809.542114 80.624992	-0.050 0.000 0.041
mor_random_ammo	4641.294434 -790.936462 80.664360	-0.042 0.000 0.030
mor_random_ammo	4650.428223 -813.849731 80.690262	0.015 0.058 0.116
mor_random_ammo	4659.388672 -796.193420 80.732552	1.513 -0.036 -1.802
mor_random_ammo	4658.470215 -815.485840 80.650192	0.044 -0.000 0.032
mor_random_ammo	4672.902344 -794.319336 80.678268	0.049 -0.000 0.011
mor_random_ammo	4675.250977 -813.978333 80.688293	-0.046 0.000 0.011
mor_random_ammo	3611.151855 -250.661835 72.973579	-0.001 -0.592 0.009
mor_random_ammo	3624.611816 -256.922302 72.972031	0.003 -0.172 0.000
mor_random_ammo	3606.763428 -233.152008 72.979370	-1.008 -0.016 1.222
mor_random_ammo	3626.845947 -240.637177 72.968475	0.065 -0.012 -0.076
mor_random_ammo	3607.056396 -220.636398 72.965858	0.075 -0.014 -0.090
mor_random_ammo	3627.972168 -219.391953 72.965042	-0.135 -0.013 0.182
mor_random_ammo	3601.296631 -201.445450 72.957245	0.172 -0.011 -0.208
mor_random_ammo	3628.973145 -196.891037 72.953377	-0.236 -0.012 0.319
mor_random_ammo	3594.934814 -181.889923 72.941048	0.342 -0.012 -0.426
mor_random_ammo	3627.678223 -181.841583 72.930496	-0.567 0.013 -0.666
mor_random_ammo	3608.296387 -169.557037 72.884315	0.779 0.011 0.945
mor_random_ammo	3626.514404 -168.714005 72.859314	-0.916 -0.007 1.042
mor_random_ammo	3629.092529 -611.352783 72.971069	0.032 0.425 -0.019
mor_random_ammo	3604.711426 -616.081848 72.968750	0.008 -0.203 -0.000
mor_random_ammo	3628.564453 -629.985901 72.964325	-0.081 -0.011 0.113
mor_random_ammo	3605.943848 -639.637390 72.960342	0.140 -0.013 -0.168
mor_random_ammo	3625.805664 -653.794556 72.955719	-0.265 -0.007 0.340
mor_random_ammo	3602.838379 -657.842285 72.950401	0.203 -0.005 -0.263
mor_random_ammo	3624.924805 -680.366760 72.928612	0.474 -0.012 -0.553
mor_random_ammo	3603.112793 -675.413574 72.916527	0.454 -0.006 -0.531
mor_random_ammo	3630.015625 -703.660645 72.894615	-0.724 0.007 -0.915
mor_random_ammo	3601.664063 -695.992065 72.861427	0.848 -0.006 -1.112
mor_random_ammo	2748.937500 -522.638367 64.355446	0.057 0.000 -0.004
mor_random_ammo	2710.618896 -518.261963 64.346840	0.050 -0.000 0.017
mor_random_ammo	2688.209961 -517.610535 64.439285	1.210 0.030 1.467
mor_random_ammo	2663.946777 -516.247009 64.353340	0.054 0.000 -0.008
mor_random_ammo	2645.466553 -513.086487 64.435303	1.259 0.031 1.522
mor_random_ammo	2644.802490 -538.044495 64.337654	0.047 -0.000 0.025
mor_random_ammo	2660.558838 -540.061584 64.383942	0.246 0.001 0.241
mor_random_ammo	2689.518066 -542.143616 64.327850	0.046 0.000 -0.031
mor_random_ammo	2712.523193 -544.582703 64.337631	0.047 0.000 -0.025
mor_random_ammo	2747.592041 -546.715698 64.376175	0.135 0.000 0.103
mor_random_ammo	2352.037598 747.444214 64.397728	-0.478 -0.003 0.526
mor_random_ammo	2377.575195 747.329651 64.445053	-1.636 -0.036 1.982
mor_random_ammo	2469.470215 746.415039 64.354202	-0.054 -0.000 -0.007
mor_random_ammo	2496.875244 746.188171 64.406769	-0.842 -0.009 0.970
mor_random_ammo	2590.389648 746.236511 64.368622	-0.084 -0.000 0.035
mor_random_ammo	2617.881104 746.467468 64.372543	-0.100 -0.000 0.057
mor_random_ammo	2719.721191 745.149597 64.335976	-0.047 -0.000 -0.026
mor_random_ammo	2750.625488 744.115662 64.465294	-1.031 -0.027 1.253
mor_random_ammo	707.495972 703.028687 32.500549	-1.204 0.956 -1.544
mor_random_ammo	690.359375 682.953552 32.450382	0.911 0.025 1.098
mor_random_ammo	946.805725 1000.043274 32.374496	0.121 0.000 0.084
mor_random_ammo	942.531433 962.942749 32.374496	0.121 0.000 0.084
mor_random_ammo	1224.559814 1217.175903 32.392128	0.630 0.005 0.712
mor_random_ammo	1210.029053 1216.918701 32.385319	0.283 0.001 0.286
mor_random_ammo	-1922.898682 1677.874390 32.347618	-0.050 -0.000 -0.017
mor_random_ammo	-1929.004272 1714.608398 32.333561	-0.047 -0.000 -0.028
mor_random_ammo	-1940.720459 1750.130371 32.323479	-0.047 -0.000 -0.033
mor_random_ammo	-1958.483154 1791.726685 32.370613	-0.092 -0.000 0.047
mor_random_ammo	-1941.910034 1843.793457 32.368637	-0.084 -0.000 0.036
mor_random_ammo	-1902.933594 1851.747925 32.335991	-0.047 -0.000 -0.027
mor_random_ammo	-1871.872314 1806.906616 32.354214	-0.055 -0.000 -0.007
mor_random_ammo	-1877.001221 1768.143188 32.471348	-0.851 -0.024 1.036
mor_random_ammo	-1885.762207 1732.281250 32.454220	-1.466 -0.034 1.785
mor_random_ammo	-1865.175781 1691.195679 32.372749	0.111 0.000 0.071
mor_random_ammo	-1876.881470 1656.242310 32.342312	0.048 0.000 -0.021
mor_random_ammo	-1919.170410 1617.829468 32.342312	0.048 0.000 -0.022
mor_random_ammo	-1944.109009 1634.417480 32.327862	0.047 0.000 -0.031
mor_random_ammo	-1435.677734 2002.989258 32.339996	0.047 0.000 -0.023
mor_random_ammo	-1404.876343 2004.064209 32.351212	0.053 0.000 -0.011
mor_random_ammo	-1368.875244 2003.271606 32.365425	0.078 0.000 0.027
mor_random_ammo	-1345.953369 2006.195313 32.435364	1.332 0.033 1.619
mor_random_ammo	-1309.915527 2008.780518 32.437798	1.225 0.030 1.483
mor_random_ammo	-1263.845459 2008.034790 32.389149	0.412 0.003 0.445
mor_random_ammo	-1216.015137 2007.150879 32.449577	1.015 0.027 1.233
mor_random_ammo	-1151.192383 2009.883545 32.461334	0.709 0.022 0.856
mor_random_ammo	-1069.890015 2007.260742 32.349041	0.051 0.000 -0.014
mor_random_ammo	-1002.822632 2004.514771 32.367310	0.084 0.000 0.036
mor_random_ammo	-933.956299 2002.374634 32.374489	0.122 0.000 0.085
mor_random_ammo	-859.696472 1989.298706 32.342312	0.048 0.000 -0.022
mor_random_ammo	-842.566345 1982.501343 32.363499	0.072 0.000 0.019
weapon_mor_r22	478.165283 1584.071411 61.720203	-1.307 -0.652 87.367
weapon_mor_vek	2498.082031 -1654.654175 63.424965	0.009 -2.655 89.345
weapon_mor_vek	3223.013916 -491.479156 73.596581	0.128 -3.887 88.960
weapon_mor_vek	2656.540527 -319.023346 65.086731	0.715 -3.405 88.388
weapon_mor_vek	-912.518982 -867.976135 61.096046	0.581 -3.396 88.518
weapon_mor_uzi	3677.907715 -1771.612549 34.037560	0.000 0.000 0.000
weapon_mor_uzi	3222.742676 -548.084534 74.514725	0.000 0.000 0.000
weapon_mor_uzi	-917.735596 -897.348145 62.037560	0.000 0.000 0.000
need_wash	-621.188171 397.401978 50.272896	-0.049 1.119 -0.006
item_ammo_smg1_mor	484.784912 1600.463745 60.674786	-0.114 -0.802 -0.144
item_ammo_smg1_mor	470.327423 1598.858643 60.680462	0.228 0.157 0.033
item_ammo_smg1_mor	477.549927 1604.043457 74.401222	0.111 -2.713 -0.109
item_ammo_smg1_mor	2490.843262 -1610.242065 62.716656	0.316 -0.006 0.199
item_ammo_smg1_mor	2507.598145 -1611.083374 62.782764	0.535 -0.016 0.220
item_ammo_smg1_mor	2524.334473 -1610.666016 62.791004	-0.736 0.017 -0.562
item_ammo_smg1_mor	3199.578369 -472.443512 73.030144	-0.018 -0.216 0.000
item_ammo_smg1_mor	3223.655273 -472.321075 73.022148	-0.012 -0.237 -0.028
item_ammo_smg1_mor	3237.671143 -472.064728 73.012589	-0.032 -0.091 -0.039
item_ammo_smg1_mor	3205.453613 -610.304626 73.042175	-0.003 -1.303 -0.001
item_ammo_smg1_mor	3223.020020 -611.540161 73.042137	0.007 -0.175 0.003
item_ammo_smg1_mor	3238.499756 -610.867920 73.040260	0.007 -0.202 0.003
item_ammo_smg1_mor	2693.026855 -305.325836 64.520142	-0.227 0.015 -0.199
item_ammo_smg1_mor	2693.755371 -328.769073 64.518524	-0.421 -0.095 -0.329
item_ammo_smg1_mor	2695.687256 -351.009979 64.516052	-0.249 0.014 -0.218
item_ammo_smg1_mor	-879.644592 -939.601685 60.411221	0.268 -0.005 0.168
item_ammo_smg1_mor	-856.042664 -938.386963 60.394249	0.122 -0.005 0.069
item_ammo_smg1_mor	-834.139648 -938.418457 60.543617	-0.104 0.018 -0.091
item_ammo_smg1_mor	-810.369568 -938.353943 60.526447	-0.209 0.015 -0.176
item_ammo_smg1_mor	-789.411926 -938.384399 60.496712	-0.862 -0.013 -0.639
item_ammo_smg1_mor	-774.384399 -937.435181 60.408905	0.237 -0.005 0.147
weapon_mor_p229	2836.707275 -1419.328857 63.391434	-0.144 11.341 89.414
weapon_mor_p229	3206.216553 -699.645386 76.411224	36.089 2.500 -0.194
weapon_mor_p229	-894.263489 -794.830444 63.890121	36.694 3.108 -1.884
weapon_mor_p229	-891.678162 -772.119934 63.891476	36.677 3.137 -1.833
weapon_mor_p229	-889.030640 -748.612122 63.901402	36.544 3.359 -1.460
info_alien_spawn	1380.439453 4784.226074 32.494534	0.048 -0.000 0.048
info_alien_spawn	1488.164917 4784.488281 32.538868	-0.026 0.000 0.027
info_alien_spawn	1609.616211 4784.726074 32.476280	-0.055 -0.000 0.055
info_alien_spawn	1698.729980 4784.905762 32.525108	-0.036 0.000 0.037
info_alien_spawn	1429.148560 4706.871582 32.474907	-0.046 -0.000 0.043
info_alien_spawn	1557.818604 4707.125488 32.554405	-0.021 0.000 0.022
info_alien_spawn	1659.360229 4707.336914 32.507317	-0.044 0.000 0.044
info_alien_spawn	1683.411621 4457.473633 32.528008	-0.030 0.000 0.030
info_alien_spawn	1597.639282 4463.845215 32.483944	-0.049 -0.000 0.049
info_alien_spawn	1505.730957 4461.665039 32.514843	-0.033 0.000 0.033
info_alien_spawn	1628.234741 4585.125488 32.497059	-0.041 -0.000 0.036
info_alien_spawn	1502.624390 4586.659180 32.493958	-0.055 0.000 0.054
info_alien_spawn	1420.528564 4581.133301 32.502331	-0.048 0.000 0.048
mor_random_weapon	-509.628143 2240.340820 33.215103	1.705 4.702 -92.987
mor_random_weapon	-177.888947 2223.490234 33.204105	1.829 4.713 -92.703
mor_random_weapon	-166.820969 1544.292603 33.196125	1.919 4.718 -92.497
mor_random_weapon	390.342285 1539.114624 61.332893	1.962 4.927 -92.398
mor_random_weapon	469.131714 1540.708496 61.371017	1.532 4.914 -93.383
mor_random_weapon	532.786133 1544.949829 61.352188	1.745 4.927 -92.896
mor_random_weapon	2858.922607 1924.328857 33.234348	1.487 4.673 -93.485
mor_random_weapon	4582.000000 1707.685547 33.217442	1.679 4.988 -93.047
mor_random_weapon	3727.976807 1317.512451 33.232555	1.508 4.977 -93.439
mor_random_weapon	3655.753418 1132.266479 33.229752	1.539 4.982 -93.366
mor_random_weapon	4288.851074 1170.560547 33.225094	1.592 4.986 -93.245
mor_random_weapon	5016.750488 70.426697 33.204769	1.821 4.712 -92.720
mor_random_weapon	3026.403809 -2457.210938 33.228058	1.558 4.684 -93.322
mor_random_weapon	2094.291504 -2446.993896 33.202755	1.844 4.714 -92.668
mor_random_weapon	2995.174072 -1637.515015 63.242973	1.639 4.764 -93.139
mor_random_weapon	2931.606934 -1640.120972 63.235550	1.722 4.769 -92.947
mor_random_weapon	2861.963867 -1632.640503 63.216496	1.937 4.784 -92.455
mor_random_weapon	3505.433105 -954.209717 82.011696	1.635 5.458 -93.148
mor_random_weapon	3663.611572 -976.687561 81.980637	1.985 4.788 -92.346
mor_random_weapon	4494.356445 -814.114014 81.534286	1.637 5.724 -93.143
mor_random_weapon	4538.609375 -820.270569 81.531197	1.565 5.130 -93.186
mor_random_weapon	3626.230957 -375.400970 73.716812	1.414 5.149 -93.660
mor_random_weapon	3625.692871 -346.348450 73.719910	1.244 4.453 -94.316
mor_random_weapon	3624.279785 -314.797760 73.680992	1.837 3.257 -92.691
mor_random_weapon	2740.563965 -478.789642 65.219864	1.651 4.923 -93.110
mor_random_weapon	2697.492676 -476.843414 65.206886	1.798 4.929 -92.775
mor_random_weapon	2659.582275 -479.491669 65.211586	1.745 4.927 -92.896
mor_random_weapon	2737.434814 766.142151 65.203377	1.172 4.719 -93.520
mor_random_weapon	2594.945313 767.819214 65.214760	1.709 4.925 -92.978
mor_random_weapon	2478.355225 769.191711 65.231949	1.514 4.912 -93.423
mor_random_weapon	2370.317383 770.831055 65.198891	1.888 3.957 -92.568
mor_random_weapon	699.452942 710.477356 33.200645	1.868 4.716 -92.613
mor_random_weapon	1008.053467 871.403076 33.219734	1.653 4.696 -93.107
mor_random_weapon	1215.922607 1228.584106 33.213570	1.722 4.703 -92.947
mor_random_weapon	-1797.732666 1867.695313 33.214600	1.711 4.703 -92.974
mor_random_weapon	-1796.677734 1713.180176 33.206062	1.807 4.711 -92.753
mor_random_weapon	-1824.120117 1785.166260 33.210857	1.753 4.706 -92.877
mor_random_weapon	-973.051697 1741.995605 33.202061	1.852 4.715 -92.650
mor_random_weapon	-1074.384277 1748.179443 33.220577	1.643 4.694 -93.129
mor_random_weapon	-1358.212036 1755.401733 33.214088	1.716 4.703 -92.961
mor_random_weapon	-1262.310181 1738.762817 33.216568	1.688 4.700 -93.025
item_ammo_battery_mor	2512.565918 -1418.052490 65.252495	13.288 8.725 -88.762
item_ammo_battery_mor	2509.633301 -1431.406372 69.243919	-0.034 -0.372 -0.066
item_ammo_battery_mor	2503.326904 -1414.516479 69.220779	-0.029 3.252 -0.068
item_ammo_battery_mor	2663.374756 -410.268524 70.152809	0.007 -0.088 0.096
item_ammo_battery_mor	2651.256104 -411.297424 70.091660	0.016 -0.088 0.201
item_ammo_battery_mor	2654.277588 -415.946381 70.057404	0.020 -0.083 0.260
item_ammo_battery_mor	-768.833862 -681.288757 66.185127	-0.157 -0.802 -0.753
item_ammo_battery_mor	-757.621399 -681.063232 66.188568	0.578 1.138 -2.081
item_ammo_battery_mor	-519.485901 -1844.484985 38.042980	0.036 -0.087 0.296
item_ammo_battery_mor	-522.875488 -1854.483154 38.068348	0.031 -0.092 0.251
item_ammo_buckshot_mor	940.527893 1957.873169 32.411983	-1.006 0.109 0.783
item_ammo_buckshot_mor	936.670044 1971.630615 32.369877	0.776 0.008 -0.537
item_ammo_buckshot_mor	1128.739746 1926.319092 32.376991	0.475 0.018 -0.296
item_ammo_buckshot_mor	1114.948364 1927.112305 32.453251	-0.468 -0.007 0.415
item_ammo_buckshot_mor	2428.857666 -1613.163696 62.712769	-0.970 -0.010 0.788
item_ammo_buckshot_mor	2439.121582 -1613.286743 62.715271	-0.995 -0.002 0.780
item_ammo_buckshot_mor	2449.141113 -1611.412476 62.710205	-1.033 -0.006 0.820
item_ammo_buckshot_mor	-121.686790 -3012.980713 32.443306	-0.538 -0.006 0.478
item_ammo_buckshot_mor	-130.895355 -3010.847656 32.433758	-0.662 -0.005 0.512
item_ammo_buckshot_mor	-138.894684 -3012.894775 32.373894	0.753 -0.022 -0.522
item_ammo_buckshot_mor	1133.757446 -1186.194214 32.433300	-0.624 -0.007 0.554
item_ammo_buckshot_mor	1120.597046 -1178.467163 32.465961	-0.367 -0.006 0.326
weapon_mor_beretta	434.319550 1586.361206 61.676159	87.496 -17.116 -47.071
weapon_mor_beretta	556.002441 1594.951660 61.680588	87.120 -11.380 -41.382
weapon_mor_beretta	3821.001221 -1460.239746 33.539207	87.188 -10.330 -42.279
weapon_mor_beretta	3989.173096 -663.335999 74.007950	87.976 -22.228 -54.668
weapon_mor_beretta	3969.830811 -671.020874 74.009224	87.913 -19.626 -52.570
weapon_mor_beretta	3943.190674 -660.193298 74.009499	87.808 -17.470 -49.518
weapon_mor_beretta	2735.561523 -277.282776 65.536301	87.435 -16.052 -46.014
weapon_mor_beretta	2760.579102 -278.913910 65.538574	87.243 -13.053 -43.039
weapon_mor_beretta	2785.132324 -280.515411 65.539986	87.120 -11.379 -41.382
weapon_mor_beretta	1061.859985 -627.923828 65.544495	86.708 -4.936 -36.907
need_bed	-1205.785889 -225.096375 50.071873	-0.012 -91.771 -0.010
need_bed	-1188.643677 -339.430389 50.071873	-0.012 -91.067 -0.010
need_bed	-1190.777466 -443.002869 50.071873	-0.012 -89.307 -0.010
need_bed	-1192.716553 -562.906982 50.071873	-0.012 -89.307 -0.010
need_bed	-1194.429077 -668.796692 50.071873	-0.012 -89.307 -0.010
need_bed	-1196.169312 -776.407837 50.071873	-0.012 -89.307 -0.010
need_bed	-1198.318359 -909.303833 50.071873	-0.012 -89.307 -0.010
need_bed	-557.919556 -914.317383 50.071873	-0.012 90.821 -0.010
need_bed	-561.320740 -802.140686 50.071873	-0.012 88.357 -0.010
need_bed	-559.110291 -695.830872 50.071873	-0.012 92.581 -0.010
need_bed	-565.915955 -590.446899 50.071873	-0.012 87.653 -0.010
need_bed	-563.075256 -475.105103 50.071873	-0.012 92.229 -0.010
need_bed	-560.787659 -361.111755 50.071873	-0.012 87.653 -0.010
need_bed	-563.461426 -236.878174 50.071873	-0.012 89.413 -0.010
weapon_mor_gr4	4368.403809 -802.852356 80.848953	-1.577 -0.075 91.374
weapon_mor_gr4	2729.535156 -399.975189 64.804733	-0.416 4.652 87.044
weapon_mor_gr4	-873.351563 -872.229065 60.807728	-0.433 4.651 87.141
need_food	1904.311157 204.417496 79.904274	0.110 91.487 -90.000
need_food	1696.304321 210.129730 79.956444	-0.065 -178.605 -90.065
need_food	1795.604004 205.370621 79.809677	-0.040 -89.313 -90.069
weapon_glowstick	1296.051392 2859.807373 38.992290	-0.492 0.854 -0.108
weapon_glowstick	1299.197510 2835.309082 39.008793	-0.416 0.866 -0.091
weapon_glowstick	1318.909302 2857.898438 38.980263	-0.546 0.844 -0.120
weapon_glowstick	2895.877197 2989.229004 39.061378	1.521 0.029 1.096
weapon_glowstick	2896.632080 2969.153809 38.933571	0.019 0.004 0.531
weapon_glowstick	2916.309814 2988.061035 38.993488	0.301 -0.894 0.410
weapon_glowstick	-1005.282410 2323.973877 38.962791	-0.626 0.818 -0.137
weapon_glowstick	-982.720703 2325.351074 38.993908	-0.484 0.854 -0.106
weapon_glowstick	545.039612 1753.243896 67.167633	-0.315 0.812 -0.063
weapon_glowstick	543.825806 1743.998169 67.125793	-0.496 0.782 -0.099
weapon_glowstick	1086.039185 2259.152344 38.995502	-0.477 0.854 -0.105
weapon_glowstick	1099.528687 2253.661377 39.003109	-0.442 0.861 -0.097
weapon_glowstick	3816.716797 2346.512207 38.954227	-0.665 0.796 -0.146
weapon_glowstick	3815.976807 2334.982422 38.972794	-0.581 0.834 -0.127
weapon_glowstick	4586.296875 1304.418823 38.969185	-0.623 0.864 -0.143
weapon_glowstick	3564.028076 1502.279419 38.976871	-0.586 0.882 -0.135
weapon_glowstick	3562.497559 1485.020752 38.974995	-0.595 0.882 -0.137
weapon_glowstick	2918.252197 -1597.089355 69.009415	-0.431 0.655 -0.095
weapon_glowstick	2907.283447 -1594.289063 68.964973	-0.601 0.583 -0.132
weapon_glowstick	2899.791992 -1593.095093 69.000572	-0.465 0.647 -0.102
weapon_glowstick	3737.946777 -973.111023 87.319672	0.245 -0.607 0.314
weapon_glowstick	3747.195068 -969.820374 87.261490	0.398 -0.554 0.509
weapon_glowstick	3920.636475 -1123.451050 87.299377	0.299 -0.593 0.382
weapon_glowstick	3917.707764 -1117.747681 87.310806	0.269 -0.602 0.344
weapon_glowstick	4324.468262 -156.132446 38.947453	-0.696 0.766 -0.153
weapon_glowstick	4314.304688 -156.479736 38.985577	-0.522 0.844 -0.115
weapon_glowstick	2737.812744 -637.296265 71.011208	-0.383 0.806 -0.076
weapon_glowstick	2724.536377 -635.401489 70.993553	-0.460 0.790 -0.091
weapon_glowstick	2283.342529 764.338684 70.976181	-0.534 0.770 -0.106
weapon_glowstick	2282.105713 751.635498 70.955956	-0.622 0.737 -0.124
weapon_glowstick	2257.374023 765.874268 70.939850	-0.691 0.711 -0.138
weapon_glowstick	2256.709229 752.126221 70.958115	-0.612 0.736 -0.122
weapon_glowstick	189.442261 508.251740 39.003109	-0.442 0.861 -0.097
weapon_glowstick	230.803864 504.330292 38.947453	-0.696 0.766 -0.153
weapon_glowstick	135.157013 877.293274 39.042881	-0.261 0.881 -0.057
weapon_glowstick	-927.735779 -494.058563 66.968452	-0.568 0.755 -0.113
weapon_glowstick	-912.105347 -487.944061 66.974289	-0.543 0.771 -0.108
weapon_glowstick	-911.051697 -499.608459 67.060669	-0.169 0.820 -0.034
weapon_glowstick	-1745.617676 -3455.476563 73.999794	-0.433 0.797 -0.086
weapon_glowstick	-365.588776 -3051.242676 57.360455	-0.136 0.103 1.943
weapon_glowstick	-382.355988 -3051.237549 57.344681	-0.171 0.095 2.438
weapon_glowstick	1056.051880 -557.391541 70.998611	-0.463 0.861 -0.101
weapon_glowstick	1073.629150 -562.219971 71.014145	-0.392 0.870 -0.086
weapon_mor_zx9	2575.397461 -1648.304077 67.318474	-2.797 -0.605 0.552
weapon_mor_zx9	3560.267578 -816.032898 37.031235	-2.792 -0.953 0.408
weapon_mor_m418	3521.100830 -1278.332520 82.030716	1.796 -14.141 83.460
weapon_mor_m418	4433.526367 -1744.275024 33.155579	1.292 3.897 83.246
weapon_mor_m418	3221.572266 -366.479309 73.708694	1.541 -13.486 83.098
weapon_mor_blaster	2495.000244 -1422.009521 65.340088	2.503 -11.664 -92.519
weapon_mor_blaster	2653.871582 -393.270447 65.900269	2.456 -20.343 -83.465
weapon_mor_blaster	-798.304749 -674.540527 61.886929	2.468 -20.320 -83.165
weapon_mor_blaster	-526.024658 -1831.072266 33.942081	2.708 -20.126 -83.878
weapon_mor_scarm8	956.657898 1935.999512 33.079578	0.305 8.685 84.848
weapon_mor_scarm8	1158.207764 1935.429565 33.226997	0.439 9.319 84.332
weapon_mor_scarm8	2434.558594 -1660.431396 63.526955	0.440 8.481 84.280
weapon_mor_scarm8	-130.544418 -3037.620850 33.251179	0.338 8.405 84.842
weapon_mor_scarm8	1124.778687 -1199.349854 33.016880	-0.468 -14.535 -90.162
item_ammo_pistol_mor	410.826782 1580.980347 60.563347	0.186 0.252 -0.201
item_ammo_pistol_mor	421.416565 1581.161255 60.543285	-0.084 -0.020 -0.025
item_ammo_pistol_mor	542.228882 1588.655273 60.540340	-0.086 -0.020 -0.026
item_ammo_pistol_mor	533.990173 1589.436157 60.468796	-0.149 -0.018 -0.045
item_ammo_pistol_mor	525.697388 1588.995117 60.560410	-0.069 -0.020 -0.021
item_ammo_pistol_mor	397.865326 1576.984741 60.468796	-0.149 -0.018 -0.045
item_ammo_pistol_mor	2825.908447 -1417.983032 63.565403	0.007 -4.808 -0.015
item_ammo_pistol_mor	2817.800781 -1418.354370 63.566639	0.007 -5.064 -0.015
item_ammo_pistol_mor	3671.983154 -1768.194336 32.360710	-0.121 -0.019 -0.037
item_ammo_pistol_mor	3682.448242 -1754.209106 32.464046	0.525 0.585 0.055
item_ammo_pistol_mor	3662.545898 -1745.723511 32.387024	-0.098 -0.020 -0.030
item_ammo_pistol_mor	3670.786377 -1737.676636 32.328194	-0.149 -0.018 -0.045
item_ammo_pistol_mor	3825.535645 -1436.900269 32.364819	-0.117 -0.019 -0.035
item_ammo_pistol_mor	3822.906250 -1412.347900 32.416153	-0.072 -0.020 -0.022
item_ammo_pistol_mor	3205.246826 -524.680054 72.963341	0.063 -0.191 0.000
item_ammo_pistol_mor	3224.087891 -525.835510 72.950951	0.240 -0.092 0.040
item_ammo_pistol_mor	3236.029297 -525.745605 72.932358	0.385 0.034 0.086
item_ammo_pistol_mor	3203.350830 -679.294434 72.976791	0.007 0.492 0.003
item_ammo_pistol_mor	3213.750977 -680.121887 72.975471	0.007 0.512 0.003
item_ammo_pistol_mor	3223.031738 -680.474976 72.974312	0.007 0.617 0.003
item_ammo_pistol_mor	3235.444092 -681.526184 72.893196	0.069 0.023 -0.016
item_ammo_pistol_mor	3242.952881 -681.468628 72.799065	0.182 0.017 -0.043
item_ammo_pistol_mor	3983.489502 -519.383301 72.877121	-0.001 -0.040 -0.004
item_ammo_pistol_mor	3964.967285 -513.674805 72.845650	-0.009 -0.040 -0.007
item_ammo_pistol_mor	3941.109375 -513.249390 72.797272	-0.020 -0.038 -0.013
item_ammo_pistol_mor	4010.012207 -698.506897 72.922493	0.005 0.040 -0.007
item_ammo_pistol_mor	3993.540283 -694.513611 72.904808	0.008 0.041 -0.007
item_ammo_pistol_mor	3977.406738 -697.293152 72.875282	0.012 0.042 -0.004
item_ammo_pistol_mor	3962.232666 -693.596252 72.839142	0.011 0.041 -0.002
item_ammo_pistol_mor	2730.953857 -302.885620 64.390350	-0.095 -0.020 -0.029
item_ammo_pistol_mor	2731.239746 -322.524994 64.356476	-0.124 -0.019 -0.038
item_ammo_pistol_mor	2740.540283 -301.601471 64.330750	-0.147 -0.018 -0.044
item_ammo_pistol_mor	2741.045654 -319.976044 64.479584	-0.185 0.031 -0.184
item_ammo_pistol_mor	2755.922363 -298.884949 64.342972	-0.136 -0.019 -0.041
item_ammo_pistol_mor	2756.023926 -318.886749 64.385323	-0.099 -0.020 -0.030
item_ammo_pistol_mor	2768.210449 -299.327820 64.412323	-0.075 -0.020 -0.023
item_ammo_pistol_mor	2766.656006 -317.671997 64.469215	-0.322 0.137 -0.277
item_ammo_pistol_mor	2784.050293 -296.427216 64.324631	-0.109 -0.009 0.004
item_ammo_pistol_mor	2782.329102 -320.957672 64.347610	-0.132 -0.019 -0.040
item_ammo_pistol_mor	2792.668701 -297.221680 64.417389	-0.071 -0.020 -0.022
item_ammo_pistol_mor	2791.513916 -320.242920 64.335754	-0.142 -0.019 -0.043
item_ammo_pistol_mor	-878.000000 -901.797058 60.352108	-0.128 -0.019 -0.039
item_ammo_pistol_mor	-851.085449 -902.861145 60.358604	-0.122 -0.019 -0.037
item_ammo_pistol_mor	-864.156372 -902.160706 60.395149	-0.090 -0.020 -0.027
item_ammo_pistol_mor	-833.869080 -902.108582 60.391972	-0.093 -0.020 -0.028
item_ammo_pistol_mor	-813.965271 -901.334412 60.364815	-0.117 -0.019 -0.035
item_ammo_pistol_mor	-790.792480 -901.552612 60.325596	-0.151 -0.018 -0.046
item_ammo_pistol_mor	-772.615784 -902.107605 60.374557	-0.108 -0.019 -0.033
item_ammo_pistol_mor	-860.199707 -799.076599 60.484108	0.110 0.088 0.049
item_ammo_pistol_mor	-854.081360 -803.020691 60.470032	0.034 -0.087 -0.094
item_ammo_pistol_mor	-847.954346 -801.166809 60.442978	-0.099 -0.070 -0.123
item_ammo_pistol_mor	-860.311279 -770.953003 60.445763	0.259 -0.214 0.039
item_ammo_pistol_mor	-853.893188 -771.931519 60.461746	-1.334 0.156 0.191
item_ammo_pistol_mor	-843.694092 -771.870422 63.200287	89.897 152.734 153.058
item_ammo_pistol_mor	-865.164063 -749.276428 60.428463	0.862 0.306 0.183
item_ammo_pistol_mor	-859.078796 -749.899963 60.445667	0.681 0.419 0.039
item_ammo_pistol_mor	-849.146790 -749.925354 63.222961	89.804 165.825 165.589
item_ammo_pistol_mor	-774.194641 -796.467773 60.409599	0.240 -0.141 0.033
item_ammo_pistol_mor	-771.266785 -778.476013 69.212097	-0.411 5.947 -87.631
item_ammo_pistol_mor	-773.383972 -763.572571 69.257813	-0.716 -45.608 -87.948
item_ammo_pistol_mor	-764.319641 -773.687195 63.841564	85.250 -43.536 -43.557
item_ammo_pistol_mor	1044.378052 -657.781128 64.349876	-0.130 -0.019 -0.039
item_ammo_pistol_mor	1055.653809 -658.132690 64.409676	-0.078 -0.020 -0.024
item_ammo_pistol_mor	1067.248535 -656.040283 64.347610	-0.132 -0.019 -0.040
item_ammo_pistol_mor	1078.232544 -660.107483 64.378258	-0.105 -0.020 -0.032
weapon_mor_m20	540.041931 1659.403931 62.861176	3.524 -11.691 -84.513
weapon_mor_m20	430.087280 1667.699341 62.860607	3.526 -11.690 -84.502
weapon_mor_m20	3404.734619 -1270.396362 83.498055	3.580 -12.850 -84.347
weapon_mor_m20	4798.642090 -1697.089233 34.711960	3.558 -11.187 -84.339
weapon_medkit	3310.406494 2993.266113 33.383068	-37.746 -0.821 1.618
weapon_medkit	3290.792480 2990.780518 33.391060	-38.379 -0.717 1.426
weapon_medkit	3313.516846 2972.329102 33.405128	-39.514 -0.517 1.072
weapon_medkit	499.152527 1745.387329 61.540207	-37.965 -1.116 1.387
weapon_medkit	479.161194 1742.102905 61.542294	-38.195 -1.101 1.326
weapon_medkit	3380.020752 2981.804932 33.394245	-38.634 -0.673 1.348
weapon_medkit	3561.769287 1048.386963 33.509880	-40.687 -1.182 -0.321
weapon_medkit	3555.831055 1007.773987 33.556309	-39.930 -0.997 -0.659
weapon_medkit	3613.998291 -1296.948486 82.223785	-40.306 -2.280 0.584
weapon_medkit	4798.002441 -1492.322144 33.403076	-39.196 -0.182 1.150
weapon_medkit	4798.357910 -1514.182617 33.388313	-38.161 -0.753 1.493
weapon_medkit	4797.639160 -1535.641724 33.390388	-38.326 -0.724 1.442
weapon_medkit	2640.001465 -270.112823 65.408798	-38.985 -1.023 1.114
weapon_medkit	2655.305176 -272.761505 65.404602	-38.514 -1.074 1.241
weapon_medkit	2125.376953 759.226990 65.420830	-40.760 -0.789 0.661
weapon_medkit	2123.662354 744.864624 65.405937	-38.662 -1.053 1.201
weapon_medkit	2098.680664 763.556396 65.426453	-41.043 -0.718 0.538
weapon_medkit	2096.571045 747.105591 65.412033	-39.351 -0.978 1.014
weapon_medkit	1221.633545 509.852936 33.414982	-40.326 -0.364 0.811
weapon_medkit	1228.426025 545.486816 33.422691	-40.971 -0.233 0.599
weapon_medkit	692.925110 496.358856 33.401409	-39.211 -0.570 1.168
weapon_medkit	490.998047 502.140259 33.417088	-40.501 -0.329 0.754
weapon_medkit	-759.133728 -500.200531 61.383137	-39.074 -1.339 1.413
weapon_medkit	-760.680908 -509.157166 61.420345	-40.629 16.908 0.690
weapon_medkit	-769.516907 -496.183472 61.468639	-39.958 -4.577 0.209
weapon_medkit	-1764.418579 -3342.754150 33.418724	-40.638 -0.302 0.709
weapon_medkit	-545.491699 -3051.640381 51.878113	-39.669 -0.919 -0.774
weapon_medkit	-516.851929 -3056.625000 51.708786	-38.665 -1.918 1.237
weapon_medkit	1130.781372 -1304.278076 33.383064	-37.746 -0.821 1.618
weapon_medkit	1110.664551 -1300.805664 33.420391	-40.778 -0.274 0.663
weapon_medkit	1050.257080 -508.662537 65.402351	-38.960 -0.290 1.197
weapon_medkit	1066.808350 -508.326538 65.419792	-40.727 -0.284 0.680
weapon_mor_lz400	2378.831299 -1666.389160 62.807743	-2.216 -18.223 85.922
weapon_mor_lz400	-1621.132202 -3543.592041 32.500801	-2.316 -18.122 85.772
weapon_mor_lz400	-751.849915 -2712.553955 32.477909	-2.329 -18.224 86.003
weapon_frag	1394.910034 4449.479980 34.000000	0.000 0.000 0.000
weapon_frag	3314.077637 2543.386963 35.514530	1.962 0.239 -0.822
weapon_frag	2894.369873 2544.273193 35.551250	1.429 0.227 -0.598
weapon_frag	1454.690063 2856.239746 35.531742	1.713 0.235 -0.717
weapon_frag	-21.136705 2111.242920 35.543560	1.541 0.225 -0.645
weapon_frag	-13.051798 1656.987671 35.503872	2.116 0.266 -0.886
weapon_frag	428.389465 1740.032593 63.648235	1.692 -0.143 0.432
weapon_frag	1237.935547 2254.030029 35.497066	2.215 0.190 -0.928
weapon_frag	2915.409424 -1409.328125 64.995430	-14.096 3.746 -97.874
weapon_frag	2985.784912 -1607.381836 65.576942	0.107 0.222 -0.765
weapon_frag	3773.614990 -969.793823 83.886047	1.019 0.226 0.848
weapon_frag	3795.008545 -1458.601196 35.560375	1.175 0.210 1.019
weapon_frag	4554.332031 -1431.789185 35.559727	1.305 0.223 -0.546
weapon_frag	3933.226074 -139.235931 35.561066	1.285 0.223 -0.538
weapon_frag	2791.313965 -639.057678 67.521652	1.522 0.152 -0.389
weapon_frag	2772.094971 -637.542969 67.486687	1.939 0.110 -0.495
weapon_frag	2678.432373 -636.789001 67.532700	1.390 0.139 -0.355
weapon_frag	2660.604004 -636.157898 67.585236	0.759 0.133 -0.194
weapon_frag	1940.412231 763.341370 67.525452	1.477 0.153 -0.377
weapon_frag	1943.471680 741.731689 67.564240	1.012 0.136 -0.259
weapon_frag	1135.723145 569.041382 35.541950	1.564 0.226 -0.655
weapon_frag	1132.617920 584.122986 35.561066	1.285 0.223 -0.538
weapon_frag	1683.219971 4674.649902 34.000000	0.000 0.000 0.000
item_ammo_revolver_mor	555.049927 1678.760498 60.458168	-0.158 -0.017 -0.048
item_ammo_revolver_mor	547.067627 1678.925049 60.517021	-0.107 -0.019 -0.032
item_ammo_revolver_mor	539.144470 1678.814697 60.492710	-0.128 -0.019 -0.039
item_ammo_revolver_mor	442.804565 1648.757446 60.503380	-0.119 -0.019 -0.036
item_ammo_revolver_mor	432.774048 1649.430908 60.463562	-0.154 -0.018 -0.047
item_ammo_revolver_mor	422.102356 1649.550415 60.499207	-0.122 -0.019 -0.037
item_ammo_revolver_mor	3831.483643 2957.972900 32.388699	-0.096 -0.020 -0.029
item_ammo_revolver_mor	3821.651367 2957.885986 32.380062	-0.104 -0.020 -0.031
item_ammo_revolver_mor	3808.585693 2956.306885 32.434853	-0.056 -0.020 -0.017
item_ammo_revolver_mor	2375.494629 -1616.045776 62.628983	-0.150 -0.018 -0.043
item_ammo_revolver_mor	2386.321045 -1612.882080 62.728886	-0.063 -0.020 -0.018
item_ammo_revolver_mor	2396.946777 -1612.169189 62.639130	-0.141 -0.019 -0.040
item_ammo_revolver_mor	3742.500488 -1101.146484 80.724373	0.074 0.021 -0.015
item_ammo_revolver_mor	3754.422363 -1088.941895 80.663383	0.125 0.020 -0.025
item_ammo_revolver_mor	3760.548828 -1089.813965 80.669968	0.119 0.020 -0.024
item_ammo_revolver_mor	3499.406006 -1289.769043 81.170692	0.100 0.021 -0.020
item_ammo_revolver_mor	3490.874512 -1289.601807 81.140526	-0.126 -0.020 -0.027
item_ammo_revolver_mor	3481.044922 -1291.946655 81.138313	0.127 0.020 -0.026
item_ammo_revolver_mor	3415.025146 -1289.549194 81.170692	0.100 0.021 -0.020
item_ammo_revolver_mor	3404.459473 -1290.712891 81.110992	-0.151 -0.018 -0.033
item_ammo_revolver_mor	3397.504150 -1293.397095 81.197510	0.077 0.021 -0.015
item_ammo_revolver_mor	3390.392334 -1290.476563 81.116356	0.145 0.019 -0.029
item_ammo_revolver_mor	4544.410645 -1483.500610 32.366825	-0.115 -0.019 -0.035
item_ammo_revolver_mor	4558.086914 -1482.458252 32.356476	-0.124 -0.019 -0.038
item_ammo_revolver_mor	4568.541504 -1484.030396 32.398232	-0.088 -0.020 -0.027
item_ammo_revolver_mor	4785.559570 -1710.955566 32.347610	-0.132 -0.019 -0.040
item_ammo_revolver_mor	4771.729492 -1710.196289 32.385323	-0.099 -0.020 -0.030
item_ammo_revolver_mor	4762.055176 -1710.216797 32.356476	-0.124 -0.019 -0.038
item_ammo_revolver_mor	4449.332031 -1767.493896 32.374561	-0.108 -0.020 -0.033
item_ammo_revolver_mor	4441.343262 -1768.012207 32.405544	-0.081 -0.020 -0.025
item_ammo_revolver_mor	4432.745605 -1767.850830 32.372669	-0.110 -0.020 -0.033
item_ammo_revolver_mor	4422.778320 -1767.630981 32.322964	-0.154 -0.018 -0.047
item_ammo_revolver_mor	4415.875000 -791.706543 80.663383	0.125 0.020 -0.025
item_ammo_revolver_mor	4409.864258 -809.562439 80.797440	-1.260 0.053 0.368
item_ammo_revolver_mor	4422.468262 -806.507202 80.708511	-0.087 -0.021 -0.019
item_ammo_revolver_mor	4429.921875 -795.198303 80.672096	0.118 0.021 -0.024
item_ammo_revolver_mor	3203.863037 -240.287476 72.977043	-0.020 0.018 0.006
item_ammo_revolver_mor	3220.724854 -239.508011 72.976700	-0.029 0.036 0.005
item_ammo_revolver_mor	3234.851807 -239.867523 72.975082	-0.043 0.036 0.011
item_ammo_revolver_mor	3201.896973 -184.171936 72.958412	0.005 -0.005 -0.000
item_ammo_revolver_mor	3216.575684 -185.401306 72.949577	0.003 0.037 -0.001
item_ammo_revolver_mor	3232.181396 -184.176926 72.935402	0.059 0.011 -0.017
item_ammo_revolver_mor	3207.276367 -396.039368 72.978561	-0.006 0.028 0.000
item_ammo_revolver_mor	3227.104492 -395.800232 72.978294	-0.007 0.028 -0.000
item_ammo_revolver_mor	3238.875488 -396.714539 72.977493	-0.009 -0.017 0.003
item_ammo_revolver_mor	3199.879639 -340.087952 72.936371	0.087 -0.021 0.033
item_ammo_revolver_mor	3215.827881 -340.552551 72.918236	-0.056 0.038 0.019
item_ammo_revolver_mor	3226.936768 -341.607391 72.889565	0.067 0.010 -0.014
item_ammo_revolver_mor	3236.814209 -341.325165 72.820801	-0.034 0.036 0.014
item_ammo_revolver_mor	2744.974609 -419.752014 64.399742	-0.086 -0.020 -0.026
item_ammo_revolver_mor	2722.916992 -426.595856 64.330750	-0.147 -0.018 -0.044
item_ammo_revolver_mor	-815.685486 -871.888123 60.342972	-0.136 -0.019 -0.041
item_ammo_revolver_mor	-794.236938 -873.593567 60.368801	-0.114 -0.019 -0.034
item_ammo_revolver_mor	-808.296814 -872.472290 60.352108	-0.128 -0.019 -0.039
item_ammo_revolver_mor	-782.731995 -874.510925 60.402683	-0.084 -0.020 -0.025
item_ammo_revolver_mor	-757.696106 -873.799377 60.439499	-0.052 -0.020 -0.016
item_ammo_revolver_mor	-1593.242676 -3571.835205 32.338196	-0.140 -0.019 -0.042
item_ammo_revolver_mor	-1604.755371 -3573.000244 32.378258	-0.105 -0.020 -0.032
item_ammo_revolver_mor	-1613.894897 -3573.518799 32.404125	-0.083 -0.020 -0.025
item_ammo_revolver_mor	-778.056213 -2706.377197 32.456879	-0.037 -0.020 -0.011
item_ammo_revolver_mor	-781.416016 -2728.307861 32.356472	-0.124 -0.019 -0.038
item_ammo_revolver_mor	-771.454041 -2725.293457 32.333263	-0.145 -0.018 -0.044
weapon_mor_usp	3231.727783 -703.362122 72.761360	0.516 35.552 90.361
weapon_mor_usp	-759.161194 -780.463623 61.624947	0.024 -31.040 -90.164
player_start	2480.433350 1473.257446 32.482338	-0.012 -0.000 0.012
player_start	2089.194824 1468.023804 32.469231	-0.013 -0.000 0.013
player_start	2035.888794 1264.520508 32.482338	-0.012 -0.000 0.012
player_start	2476.289307 1261.887207 32.546272	-0.005 -0.000 0.005
player_start	2454.834961 1016.736572 32.528465	-0.007 -0.000 0.007
player_start	2178.677979 915.068848 32.473118	-0.013 -0.000 0.013
player_start	2712.244141 323.227783 32.548447	-0.049 -0.000 0.049
player_start	2522.535889 335.860992 32.559479	-0.039 -0.000 0.039
player_start	2309.796387 344.352386 32.523727	-0.073 -0.000 0.073
player_start	2136.500488 359.947021 32.542717	-0.055 -0.000 0.055
player_start	2590.384766 557.499207 32.578102	-0.021 -0.000 0.021
player_start	2415.892578 558.256653 32.522568	-0.074 -0.000 0.074
player_start	2247.895020 558.267944 32.559479	-0.039 -0.000 0.039
player_start	2009.534058 561.358887 32.553600	-0.044 -0.000 0.044
player_start	4311.774902 949.175110 32.520199	-0.076 -0.000 0.076
player_start	4033.452637 1031.769165 32.524868	-0.072 -0.000 0.072
player_start	3806.993896 1557.011108 32.524868	-0.072 -0.000 0.072
player_start	4177.904297 1524.049194 32.554977	-0.043 -0.000 0.043
player_start	3616.321777 2645.182129 32.540413	-0.072 -0.000 0.072
player_start	3264.008301 2155.401367 32.557213	-0.052 -0.000 0.052
player_start	3574.446289 2144.970459 32.521847	-0.094 -0.000 0.095
player_start	3148.793457 2779.807861 32.528606	-0.086 -0.000 0.086
player_start	2648.086670 2389.627197 32.530724	-0.084 -0.000 0.084
player_start	2032.923828 2404.190186 32.541306	-0.071 -0.000 0.071
player_start	662.575317 2386.051025 32.573544	-0.031 -0.000 0.032
player_start	-567.260925 2428.101074 32.524166	-0.092 -0.000 0.092
player_start	-642.394531 2110.567383 32.525303	-0.090 -0.000 0.090
player_start	-650.868530 1518.879517 32.553169	-0.056 -0.000 0.057
player_start	-1203.964355 1393.554077 32.524166	-0.092 -0.000 0.092
player_start	-1858.311768 1330.729614 32.540413	-0.072 -0.000 0.072
player_start	-1678.084106 666.447083 32.546375	-0.065 -0.000 0.065
player_start	-1739.941162 -517.000061 32.532784	-0.081 -0.000 0.081
player_start	-1736.550415 -1505.345703 32.543045	-0.069 -0.000 0.069
player_start	-1703.566040 -2645.443604 32.532780	-0.081 -0.000 0.081
player_start	-1328.284058 -3206.725586 32.530724	-0.084 -0.000 0.084
player_start	-380.756866 -2921.793457 32.534653	-0.006 -0.000 0.006
player_start	-4.560827 -2075.967285 32.562061	-0.046 -0.000 0.046
player_start	31.869404 -1408.120483 32.547176	-0.064 -0.000 0.064
player_start	1057.383545 -1531.830444 32.528606	-0.086 -0.000 0.086
player_start	2389.499756 8.597719 32.551006	-0.059 -0.000 0.059
player_start	3172.364746 1020.358643 32.541306	-0.071 -0.000 0.071
player_start	3451.801514 1411.584106 32.529263	-0.068 -0.000 0.068
player_start	806.764893 1661.406494 32.525303	-0.090 -0.000 0.090
player_start	445.060608 1993.630615 32.530724	-0.084 -0.000 0.084
player_start	-321.886200 1700.210938 32.543045	-0.069 -0.000 0.069
player_start	-373.678406 1961.508301 32.529671	-0.085 -0.000 0.085
player_start	-1096.404663 56.524498 32.532780	-0.081 -0.000 0.081
player_start	-830.973450 28.020697 32.537659	-0.075 -0.000 0.075
player_start	-743.808105 -340.337036 32.547176	-0.064 -0.000 0.064
player_start	-1036.639038 -366.690308 32.537659	-0.075 -0.000 0.075
player_start	-846.151917 -555.786499 60.536026	-0.062 -0.000 0.062
player_start	-1111.520874 394.147705 32.527100	-0.070 -0.000 0.070
player_start	-833.241821 382.054840 32.558239	-0.040 -0.000 0.040
player_start	33.015224 -40.425514 32.525303	-0.090 -0.000 0.090
player_start	-101.899681 -35.632896 32.536713	-0.076 -0.000 0.077
player_start	357.760284 1062.431396 32.566360	-0.040 -0.000 0.041
player_start	471.969421 1070.934937 32.562065	-0.046 -0.000 0.046
player_start	610.474365 1977.136841 32.550262	-0.060 -0.000 0.060
weapon_mor_mars	3225.089355 -414.788300 73.590958	-0.412 20.645 86.545
