# morbus weapon/ammo placement overrides - Thank TTT for this lua code
# For map: mor_breach_cv21
# Exported by: Demonkush
setting:	replacespawns 1
weapon_mor_ump	-1753.114624 -1271.542114 128.762039	-0.520 -18.448 88.746
weapon_mor_ump	2618.915527 -753.532959 -223.224930	-0.551 -18.476 88.804
weapon_mor_ka47	2371.597656 401.399292 -222.538895	-0.680 -23.000 -84.628
weapon_mor_ka47	767.212830 -2044.919556 65.444946	-0.661 -22.882 -84.394
weapon_mor_ka47	2458.708496 968.767517 65.466400	-0.692 -23.000 -84.709
weapon_mor_ka47	1707.608887 3064.503418 -158.527863	-0.704 -22.999 -84.798
weapon_mor_ka47	553.448242 3948.639648 -222.542465	-0.673 -23.000 -84.573
weapon_mor_ka47	3258.200439 -2852.099121 64.929146	-0.762 -20.945 -85.210
weapon_mor_sc7	-1121.745117 -3831.049072 33.295788	0.328 -4.623 87.160
mor_random_ammo	-667.298279 -1700.694702 32.311932	0.046 0.000 -0.036
mor_random_ammo	-647.481445 -1698.757568 32.367279	0.079 0.000 0.032
mor_random_ammo	-630.881714 -1691.291016 32.365387	0.073 0.000 0.024
mor_random_ammo	-619.351624 -1673.081909 32.369129	0.087 0.000 0.042
mor_random_ammo	-604.908752 -1691.721191 32.369133	0.086 0.000 0.042
mor_random_ammo	-645.992310 -1709.960083 32.346767	0.048 0.000 -0.017
mor_random_ammo	3456.430176 -3646.398926 32.339924	0.046 0.000 -0.023
mor_random_ammo	3535.184570 -3657.786621 32.357460	0.057 0.000 0.000
mor_random_ammo	3545.632324 -3683.520752 32.339943	0.046 -0.000 0.023
mor_random_ammo	3529.134521 -3717.934570 32.346767	0.048 0.000 -0.017
mor_random_ammo	3506.720215 -3717.274902 32.405334	0.686 -1.065 -0.389
mor_random_ammo	3500.887695 -3716.784424 32.388237	0.088 1.355 0.561
mor_random_ammo	3523.750977 -3767.685059 32.395115	1.207 0.018 1.417
mor_random_ammo	3541.988281 -3793.691650 32.322659	0.045 0.000 -0.032
mor_random_ammo	3497.246826 -3845.820801 32.376099	0.128 -0.000 -0.095
mor_random_ammo	3480.402588 -3844.196533 32.420246	1.465 0.033 1.761
mor_random_ammo	3505.402100 -3760.661621 32.365368	0.074 -0.000 -0.024
mor_random_ammo	3513.323486 -3623.964111 32.392651	0.668 -0.006 -0.761
mor_random_ammo	3514.092773 -3675.416016 32.353291	0.052 0.000 -0.008
mor_random_ammo	3179.642578 -3819.392822 32.348976	0.049 0.000 -0.014
mor_random_ammo	3158.259033 -3781.895020 32.355392	0.055 0.000 -0.004
mor_random_ammo	3113.416260 -3722.917725 32.370945	0.095 0.000 0.053
mor_random_ammo	3145.625977 -3669.265137 32.394550	0.892 0.010 1.034
mor_random_ammo	3147.581543 -3613.235107 32.459782	0.675 0.022 0.809
mor_random_ammo	3167.383057 -3601.758301 32.363457	0.069 0.000 0.017
mor_random_ammo	3190.632813 -3638.242188 32.409058	1.646 0.033 1.973
mor_random_ammo	3140.549561 -3699.636230 32.353287	0.053 0.000 -0.008
mor_random_ammo	3165.679443 -3779.214600 32.485935	1.244 -0.107 1.508
mor_random_ammo	3113.428223 -3836.970459 32.359501	0.060 0.000 0.004
mor_random_ammo	3187.087402 -3817.088867 32.481949	1.772 -0.088 2.149
mor_random_ammo	3208.343262 -3831.010010 32.382576	0.198 0.001 0.184
mor_random_ammo	3178.129150 -3756.445068 32.361492	0.064 0.000 0.011
mor_random_ammo	3151.408691 -3753.655273 32.428741	1.298 0.032 1.560
mor_random_ammo	3152.528320 -3697.861084 32.376167	0.129 0.000 0.097
mor_random_ammo	3181.482666 -3674.263428 32.446980	0.894 0.025 1.068
mor_random_ammo	299.315033 1645.210938 255.925415	-0.005 1.906 0.000
mor_random_ammo	286.159485 1636.071411 255.924057	-0.007 -0.021 0.000
mor_random_ammo	286.582123 1653.653931 255.924133	-0.007 0.056 0.000
mor_random_ammo	294.172028 1667.587524 255.925079	-0.007 -0.234 0.000
mor_random_ammo	300.454407 1675.164917 255.925751	-0.005 -0.027 0.000
mor_random_ammo	280.281097 1676.399170 255.923401	-0.007 0.545 0.000
mor_random_ammo	277.452972 1681.342529 255.923050	-0.007 0.545 0.000
mor_random_ammo	285.449249 1693.949829 255.924072	-0.007 0.336 0.000
mor_random_ammo	293.346985 1699.310059 255.925064	-0.007 0.313 0.000
mor_random_ammo	293.898041 1706.631836 255.923157	0.262 -0.026 0.326
mor_random_ammo	281.805328 1708.792358 255.923645	-0.007 0.312 0.000
mor_random_ammo	278.648315 1713.744141 255.923264	-0.007 0.340 0.000
mor_random_ammo	299.096283 1734.816406 255.925232	-0.001 -0.163 -0.001
mor_random_ammo	299.575897 1743.337402 255.923721	0.164 -0.012 -0.201
mor_random_ammo	278.609161 1741.817383 255.924530	-0.153 -0.033 0.177
mor_random_ammo	299.895355 1718.419922 255.918106	0.075 0.011 0.083
mor_random_ammo	281.971313 1729.553955 255.925934	-0.739 0.024 -0.924
mor_random_ammo	279.617401 1645.850708 255.882629	0.160 -0.047 -0.260
mor_random_ammo	3598.326904 3287.966553 32.367317	0.083 0.000 0.035
mor_random_ammo	3543.112305 3309.002686 32.420570	1.612 0.037 1.954
mor_random_ammo	3523.246826 3325.187256 32.369164	0.092 0.000 0.046
mor_random_ammo	3548.745117 3363.195068 32.367317	0.083 0.000 0.034
mor_random_ammo	3585.815186 3357.527832 32.382500	0.217 0.001 0.205
mor_random_ammo	3549.899658 3380.181152 32.431580	1.415 0.033 1.719
mor_random_ammo	3525.126221 3395.534180 32.320122	0.047 0.000 -0.034
mor_random_ammo	3512.180420 3453.130615 32.374489	0.122 0.000 0.085
mor_random_ammo	3571.787354 3427.149658 32.332829	0.047 0.000 -0.028
mor_random_ammo	3555.899658 3463.537109 32.314758	0.048 0.000 -0.036
mor_random_ammo	3928.356934 3395.312256 32.423882	1.512 0.035 1.829
mor_random_ammo	3871.578857 3511.832031 32.387905	0.368 0.002 0.391
mor_random_ammo	3815.999512 3548.198975 32.339996	0.047 0.000 -0.023
mor_random_ammo	3848.737549 3466.888428 32.469410	1.336 3.305 1.219
mor_random_ammo	3885.106689 3390.502197 32.351212	0.053 0.000 -0.011
mor_random_ammo	3884.912109 3341.486328 32.372761	0.109 0.000 0.069
mor_random_ammo	3834.381104 3259.411133 32.417862	1.691 0.036 2.051
mor_random_ammo	3814.145996 3274.423828 32.346832	0.050 0.000 -0.017
mor_random_ammo	3845.161377 3349.030518 32.449200	0.958 0.026 1.156
mor_random_ammo	3842.759277 3468.198242 32.444073	-0.158 -2.989 0.469
mor_random_ammo	3893.591797 3477.699463 32.359547	0.063 0.000 0.006
mor_random_ammo	3868.695313 3426.353516 32.369164	0.092 0.000 0.046
mor_random_ammo	2457.488281 765.838867 -199.667175	0.046 0.000 -0.028
mor_random_ammo	2486.293945 756.745789 -199.629028	0.099 0.000 0.056
mor_random_ammo	2481.382324 721.686768 -199.623810	0.134 0.000 0.101
mor_random_ammo	2464.412354 726.880859 -199.662338	0.047 -0.000 0.025
mor_random_ammo	2478.087402 748.782227 -199.646652	0.055 -0.000 0.007
mor_random_ammo	388.661194 -2112.239502 64.455017	1.276 0.028 1.980
mor_random_ammo	388.193115 -2024.723145 64.459229	-0.876 -0.029 1.758
mor_random_ammo	400.115356 -2046.550659 64.346825	0.050 0.000 -0.017
mor_random_ammo	396.140808 -2111.198975 64.480530	1.974 0.094 2.393
mor_random_ammo	402.003174 -2140.866943 64.481224	1.876 0.314 2.275
mor_random_ammo	388.727905 -2127.635498 64.468369	1.547 0.080 1.738
mor_random_ammo	388.752930 -2096.031250 64.486588	1.142 -0.012 1.384
mor_random_ammo	874.316956 -2220.352051 64.420921	1.497 0.035 1.803
mor_random_ammo	781.242432 -2200.699951 64.320114	0.047 0.000 -0.034
mor_random_ammo	903.983826 -2074.712891 64.339989	0.047 0.000 -0.023
mor_random_ammo	2631.111572 1000.703735 64.332825	0.047 0.000 -0.028
mor_random_ammo	2627.482910 948.683777 64.385918	-0.218 -0.001 0.206
mor_random_ammo	2548.475586 997.512695 64.393547	0.840 0.009 0.968
mor_random_ammo	2386.657227 976.732544 64.349846	-0.051 -0.000 -0.014
mor_random_ammo	2359.758789 1003.360107 64.390251	0.473 0.003 0.520
mor_random_ammo	2242.626465 983.180969 64.358459	-0.060 -0.000 0.001
mor_random_ammo	2129.434814 988.569763 64.358467	-0.060 -0.000 0.002
mor_random_ammo	2115.940430 1023.522034 64.402519	0.023 0.028 -0.482
mor_random_ammo	2044.219116 972.844299 64.406853	-0.850 -0.009 0.980
mor_random_ammo	2201.623535 969.617676 64.372551	-0.100 -0.000 0.057
mor_random_ammo	2718.245850 601.899292 63.868214	0.067 0.913 -1.130
mor_random_ammo	2685.061523 584.747253 63.748489	0.727 -0.017 -1.145
mor_random_ammo	2367.597168 1261.318970 48.325321	0.047 0.000 -0.032
mor_random_ammo	2366.740967 1303.561890 40.330391	0.047 -0.000 0.029
mor_random_ammo	2410.319092 1382.773804 32.372753	0.109 0.000 0.069
mor_random_ammo	2902.000000 1689.230225 32.359539	0.063 0.000 0.006
mor_random_ammo	2832.718994 1713.409180 32.458248	0.806 0.023 0.978
mor_random_ammo	1710.637939 1493.493896 63.882069	-0.007 0.564 0.052
mor_random_ammo	1773.713135 1508.608398 63.878258	-0.012 0.428 -0.121
mor_random_ammo	1787.973999 1499.421387 63.865635	-0.387 -0.004 0.382
mor_random_ammo	1722.292480 1511.831177 63.787792	-0.916 -0.003 1.025
mor_random_ammo	1561.238525 203.840027 32.387840	-0.249 -0.001 0.245
mor_random_ammo	1549.295410 230.686783 32.372551	-0.101 -0.000 0.058
mor_random_ammo	1213.781982 1561.702515 32.449314	0.958 0.026 1.157
mor_random_ammo	1194.397583 1537.531006 32.391266	0.541 0.004 0.603
mor_random_ammo	962.268127 1847.093384 128.367310	0.084 0.000 0.035
mor_random_ammo	1389.549805 -447.648407 32.391682	-0.318 -0.002 0.330
mor_random_ammo	1447.538208 -422.558838 32.349850	-0.051 -0.000 -0.014
mor_random_ammo	1507.432251 -439.003113 32.338383	-0.047 -0.000 -0.025
mor_random_ammo	1482.636230 -114.568619 -223.652390	-0.050 -0.000 -0.017
mor_random_ammo	1501.099731 -131.325912 -223.631378	-0.083 -0.000 0.034
mor_random_ammo	-809.017029 -557.910767 60.377838	0.149 0.001 0.120
mor_random_ammo	-836.513733 -732.985596 60.369164	0.090 0.000 0.044
mor_random_ammo	-885.256775 -611.725281 60.433212	1.296 0.032 1.567
mor_random_ammo	-964.558411 -658.395691 60.361534	0.067 0.000 0.012
mor_random_ammo	-881.738281 -829.708069 60.386700	0.314 0.002 0.325
mor_random_ammo	-927.775635 -749.783569 60.389153	0.410 0.003 0.443
mor_random_ammo	-840.290771 -504.280853 60.391212	0.548 0.004 0.612
mor_random_ammo	-893.133179 -500.873810 60.361534	0.067 0.000 0.012
mor_random_ammo	-860.436401 -586.972046 60.387936	0.362 0.002 0.384
mor_random_ammo	-958.441650 -455.665955 60.346821	0.050 0.000 -0.017
mor_random_ammo	-792.030396 -674.530273 60.389099	0.417 0.003 0.452
mor_random_ammo	-960.754272 -718.002808 60.355438	0.057 0.000 -0.003
mor_random_ammo	-1212.314941 -437.323792 32.355442	0.057 0.000 -0.003
mor_random_ammo	-628.422241 206.324524 32.386662	0.319 0.002 0.332
mor_random_ammo	-667.458801 223.593430 32.376186	0.134 0.000 0.101
mor_random_ammo	-1761.070435 -2295.415527 32.355442	0.057 0.000 -0.004
mor_random_ammo	-1611.353027 101.191620 32.383938	0.246 0.001 0.242
mor_random_ammo	963.131348 -2054.103516 64.320114	0.047 0.000 -0.034
mor_random_ammo	999.355530 -2186.316895 64.435570	1.243 -0.031 -1.505
mor_random_ammo	959.539246 -2254.583496 64.383743	0.246 -0.001 -0.241
mor_random_ammo	805.116577 -2085.219482 64.391220	0.547 0.004 0.611
mor_random_ammo	815.390625 -2110.555908 64.366821	0.267 -0.040 -0.003
mor_random_ammo	772.670349 -2247.753174 64.393494	1.270 -0.019 -1.492
mor_random_ammo	863.083435 -2259.027344 64.357506	0.060 0.000 0.001
mor_random_ammo	989.030762 -2115.131592 64.386391	0.319 -0.002 -0.331
mor_random_ammo	705.535522 -2564.892090 32.392765	0.839 -0.009 -0.967
mor_random_ammo	1304.824463 -2329.887451 52.381001	0.190 0.001 0.171
mor_random_ammo	1393.826782 -2383.317383 52.349033	0.051 0.000 -0.014
mor_random_ammo	1524.718750 -2337.173584 52.416798	1.654 0.036 2.000
mor_random_ammo	1515.865234 -2367.487793 52.461193	0.708 0.022 0.855
mor_random_ammo	3322.162842 -1226.166260 96.312019	0.048 0.000 -0.037
mor_random_ammo	3312.410645 -1208.443726 96.424477	1.573 0.041 1.911
mor_random_ammo	3323.675537 -1208.507935 96.349045	0.051 0.000 -0.014
mor_random_ammo	3310.651123 -1193.561890 96.394630	1.283 0.020 1.508
mor_random_ammo	3325.375488 -1180.704102 96.393044	0.708 0.007 0.807
mor_random_ammo	3333.434326 -1161.390869 96.367317	0.084 0.000 0.035
mor_random_ammo	3310.433105 -1147.888672 96.346840	0.050 0.000 -0.017
mor_random_ammo	3322.629883 -1136.880981 96.351212	0.053 0.000 -0.011
mor_random_ammo	3319.817383 -1162.172729 96.389091	0.420 0.003 0.456
mor_random_ammo	3331.542725 -1330.224487 40.361542	0.067 0.000 0.012
mor_random_ammo	3336.655518 -1304.991577 40.345375	-0.049 0.000 0.019
mor_random_ammo	3320.228271 -1307.505127 40.465111	-1.048 -0.027 1.275
mor_random_ammo	4617.054688 -815.776367 80.698822	-0.061 0.000 -0.013
mor_random_ammo	4680.611328 -795.890686 80.714485	0.595 -0.005 -0.673
mor_random_ammo	4684.779785 -817.987549 80.705452	-0.087 0.000 -0.048
mor_random_ammo	4615.516113 -820.715393 80.717590	-1.735 -0.034 -0.544
mor_random_ammo	4643.666992 -802.236145 80.716522	-0.180 0.001 -0.167
mor_random_ammo	3893.441162 -1283.472290 32.360535	-0.063 -0.000 0.006
mor_random_ammo	3257.125732 -543.438110 63.872517	0.403 -0.362 -0.525
mor_random_ammo	3216.218506 -525.075684 63.843033	-0.580 -0.045 0.923
mor_random_ammo	3269.506348 -505.253265 63.790958	-0.083 0.453 0.365
mor_random_ammo	3199.849365 -345.880768 63.915394	-0.090 0.482 -0.007
mor_random_ammo	3205.250000 -322.119965 63.899124	1.290 -0.212 1.733
mor_random_ammo	369.635651 938.308350 63.868267	-0.316 -0.692 -0.216
mor_random_ammo	353.004700 923.116089 63.841343	0.510 -0.035 -0.792
mor_random_ammo	315.325623 948.021301 63.806782	-0.171 0.279 -0.071
mor_random_ammo	619.115479 943.320313 63.894085	0.211 0.196 -0.119
mor_random_ammo	607.704895 927.177612 63.838062	0.565 0.064 0.564
mor_random_ammo	545.878723 948.115967 63.805676	-0.096 -0.218 -0.304
mor_random_ammo	526.752136 923.454224 63.777653	-0.662 0.023 -1.025
mor_random_ammo	622.218750 1124.447144 32.426407	1.469 0.035 1.778
mor_random_ammo	587.693115 1151.753418 32.361546	0.067 0.000 0.011
mor_random_ammo	263.936096 -1313.099854 32.344608	0.049 -0.000 0.019
mor_random_ammo	173.372589 -1253.380371 32.349850	-0.051 -0.000 -0.014
mor_random_ammo	297.625854 -1366.015991 32.337666	0.047 -0.000 0.025
mor_random_ammo	3115.297852 -740.566589 32.363503	0.072 0.000 0.018
mor_random_ammo	2863.444092 -602.186340 64.333565	-0.047 -0.000 -0.028
mor_random_ammo	2782.856934 -641.704712 64.469604	-0.857 -0.024 1.040
mor_random_ammo	2728.355957 -673.358521 64.459152	-1.153 -0.029 1.395
mor_random_ammo	2605.502686 -605.190247 64.349846	-0.051 -0.000 -0.014
mor_random_ammo	2552.208252 -554.254028 64.368629	-0.083 -0.000 0.034
mor_random_ammo	2773.515625 -548.356445 64.338387	-0.047 -0.000 -0.025
mor_random_ammo	2814.428955 -547.205933 64.332825	0.046 0.000 -0.028
mor_random_ammo	2821.006592 -647.066956 64.382118	-0.171 -0.001 0.147
mor_random_ammo	2766.538574 -626.570435 64.335991	-0.047 -0.000 -0.027
mor_random_ammo	2745.871338 -592.290710 64.315514	-0.048 -0.000 -0.036
mor_random_ammo	2661.739746 -640.693481 64.370613	-0.093 -0.000 0.047
mor_random_ammo	2668.490967 -549.177734 64.399834	-0.546 -0.004 0.610
mor_random_ammo	2533.049316 -631.691223 64.449707	-1.631 -0.037 1.986
mor_random_ammo	2689.913086 -594.564819 64.372559	-0.100 -0.000 0.057
mor_random_ammo	2811.272461 -601.873718 64.360542	-0.063 -0.000 0.006
mor_random_ammo	3007.177002 -1631.594482 64.359543	0.063 0.000 0.006
mor_random_ammo	2902.986328 -1621.039063 64.320847	-0.047 -0.000 -0.034
mor_random_ammo	2896.919434 -1570.204712 64.411682	-1.082 -0.014 1.263
mor_random_ammo	2869.431152 -1694.703125 64.444664	-1.692 -0.036 2.053
mor_random_ammo	2820.878418 -1606.117676 64.368622	-0.084 -0.000 0.035
mor_random_ammo	2777.353516 -1665.724976 64.457191	-1.314 -0.032 1.597
mor_random_ammo	2717.147461 -1584.656860 64.347610	-0.050 -0.000 -0.017
mor_random_ammo	2674.270508 -1610.990356 64.391632	-0.314 -0.002 0.325
mor_random_ammo	2765.467285 -1533.244141 64.318192	-0.047 -0.000 -0.035
mor_random_ammo	2861.949463 -1540.511963 64.414513	-1.249 -0.019 1.466
mor_random_ammo	2937.846680 -1537.752808 64.385902	-0.217 -0.001 0.205
mor_random_ammo	3012.275146 -1566.540405 64.438309	1.161 0.029 1.399
mor_random_ammo	3000.933350 -1701.221436 64.387917	0.364 0.002 0.387
mor_random_ammo	2881.532227 -1659.150879 64.340729	-0.047 -0.000 -0.023
mor_random_ammo	2734.397461 -1604.317627 64.320847	-0.047 -0.000 -0.034
mor_random_ammo	2706.197998 -1676.351563 64.366631	-0.077 -0.000 0.026
mor_random_ammo	2645.345703 -1254.874268 63.914104	-0.132 -1.507 -0.010
mor_random_ammo	2607.977051 -1270.177856 63.885727	-0.129 0.019 -0.222
mor_random_ammo	544.377502 1588.065918 60.516781	0.135 0.000 0.102
mor_random_ammo	494.164459 1542.604370 60.524544	0.246 0.001 0.242
mor_random_ammo	522.667542 1622.846558 60.524616	-0.193 -0.001 0.175
mor_random_ammo	424.610809 1578.108032 60.503193	-0.067 -0.000 0.012
mor_random_ammo	488.136963 1651.781250 60.540382	-0.541 -0.004 0.604
mor_random_ammo	505.387482 1671.690186 60.612663	-0.798 -0.023 0.969
mor_random_ammo	404.934418 1682.405884 60.494804	-0.054 -0.000 -0.008
mor_random_ammo	391.189209 1617.540771 60.469189	-0.046 -0.000 -0.031
mor_random_ammo	443.787720 1692.810059 60.524628	-0.194 -0.001 0.177
mor_random_ammo	435.158508 1751.199219 60.460716	0.047 0.000 -0.034
mor_random_ammo	1216.047119 2151.133545 32.392818	0.831 -0.009 -0.958
mor_random_ammo	1185.317261 2168.643311 32.353344	0.054 0.000 -0.008
mor_random_ammo	-515.293945 1816.307007 128.393173	0.965 -0.012 -1.120
mor_random_ammo	-457.969330 1865.403564 128.342331	0.048 -0.000 0.022
mor_random_ammo	803.833801 -1359.156372 63.864937	-0.648 2.581 -0.322
mor_random_ammo	824.920715 -1350.298218 63.812183	0.291 0.330 0.499
mor_random_ammo	2547.571777 1483.682983 63.849480	-0.048 -2.225 -0.452
mor_random_ammo	2643.133545 1247.988647 63.919483	-0.000 0.429 -0.134
mor_random_ammo	2775.095703 1257.483032 63.821087	0.039 0.215 0.693
mor_random_ammo	2549.746094 1258.246826 63.883438	-0.149 0.019 0.187
mor_random_ammo	1581.286011 3141.517822 -191.526505	-0.494 -1.067 -0.810
mor_random_ammo	1009.382446 2302.258057 -223.606293	-0.370 -0.002 0.394
mor_random_ammo	-660.335876 1202.111450 52.442047	1.158 0.029 1.405
mor_random_ammo	-624.689941 1114.303955 52.440441	1.113 -0.028 -1.344
mor_random_ammo	-632.453247 1024.676880 52.363483	0.071 -0.000 -0.018
mor_random_ammo	-663.759155 983.823914 52.386696	0.314 0.002 0.325
mor_random_ammo	-634.738770 914.242371 52.385372	0.274 0.001 0.276
mor_random_ammo	-660.198425 1116.828613 52.386398	0.318 -0.002 -0.330
mor_random_ammo	-621.946472 1061.841309 52.322758	0.047 -0.000 0.033
mor_random_ammo	-658.710083 1039.883423 52.335243	0.046 0.000 -0.027
mor_random_ammo	-647.461487 1162.200684 52.344578	0.049 0.000 -0.019
mor_random_ammo	-646.329407 1001.791382 52.372749	0.110 0.000 0.070
mor_random_ammo	-1440.745239 895.808899 32.444851	1.109 0.028 1.346
mor_random_ammo	-1492.820190 997.694092 32.337643	0.047 0.000 -0.025
mor_random_ammo	3114.231689 -148.786209 224.365417	0.078 0.000 0.027
mor_random_ammo	3943.914063 -822.127075 32.372547	-0.100 -0.000 0.057
mor_random_ammo	4000.690674 -788.083496 32.391693	-0.321 -0.002 0.333
mor_random_ammo	-320.318329 2041.724731 215.985321	1.312 0.052 1.590
mor_random_ammo	-357.018555 2031.969360 35.590084	-89.606 87.440 2.481
mor_random_ammo	-383.381256 1979.714233 34.692921	-1.639 -120.243 89.951
mor_random_ammo	1339.435059 -350.792572 -192.141525	0.700 0.351 -0.175
mor_random_ammo	1340.155518 -329.201752 -192.222763	0.327 -0.495 -0.636
mor_random_ammo	585.046875 3613.028320 -205.304184	0.074 0.000 0.028
mor_random_ammo	539.034973 3615.055908 -205.320953	0.047 0.000 -0.014
weapon_mor_r22	2849.572998 -530.638367 65.606110	-1.287 -1.054 87.881
weapon_mor_r22	1239.114502 -1473.041016 33.620811	-1.273 -0.679 88.176
weapon_mor_r22	883.964233 -1351.393311 65.065613	-1.271 -0.592 88.577
weapon_mor_r22	1489.038208 -521.844666 -157.904114	-1.091 -1.363 88.736
weapon_mor_r22	4780.260254 -1258.013306 33.586929	-1.301 -0.659 87.510
weapon_mor_vek	2365.343018 716.737183 -198.884949	0.196 -2.642 88.650
weapon_mor_vek	-1375.394531 -969.599731 33.103363	0.476 -3.391 88.621
weapon_mor_vek	-539.203491 -2312.097168 33.109947	0.385 -3.093 88.704
weapon_mor_vek	2088.070557 -850.107971 -222.902084	0.561 -3.088 88.530
weapon_mor_lz400	1059.012817 -676.747437 64.497475	-2.239 -17.811 85.956
weapon_mor_lz400	-903.654602 -469.212860 60.492352	-2.254 -17.805 85.984
weapon_mor_lz400	-1745.894653 -3389.732910 32.502708	-2.224 -17.813 85.927
weapon_mor_lz400	912.314392 -2224.228027 64.518646	-2.114 -2.636 85.958
item_ammo_smg1_mor	2361.055420 736.898376 -199.480865	0.250 -0.014 -0.212
item_ammo_smg1_mor	2373.176514 742.705566 -199.525330	-0.567 0.014 0.258
item_ammo_smg1_mor	2842.145020 -548.608215 64.394257	0.123 -0.005 0.070
item_ammo_smg1_mor	2672.724854 -2879.752686 96.974419	-0.821 0.009 -0.609
item_ammo_smg1_mor	2812.493652 -3061.850586 32.535244	-0.154 0.018 -0.133
item_ammo_smg1_mor	2886.705078 -1309.765137 63.887135	-0.019 0.135 -0.078
item_ammo_smg1_mor	1262.764160 -1455.082397 32.504513	0.661 -0.012 -0.506
item_ammo_smg1_mor	855.899231 -1356.484131 63.964905	0.004 -2.567 0.047
item_ammo_smg1_mor	-1389.841187 -1000.172791 32.498905	-0.820 0.011 -0.609
item_ammo_smg1_mor	-1737.151245 -1238.894043 128.540070	0.125 -0.017 -0.108
item_ammo_smg1_mor	-934.789673 -1595.724365 32.417969	-0.376 0.005 0.240
item_ammo_smg1_mor	-485.509216 -2731.427490 32.513065	-0.271 0.014 -0.228
item_ammo_smg1_mor	1516.915405 -525.172180 -159.099136	0.522 -0.005 0.336
item_ammo_smg1_mor	2649.137451 -736.732361 -223.500626	-0.822 0.011 -0.610
item_ammo_smg1_mor	4795.195313 -1278.715088 32.396786	0.136 -0.005 0.079
item_ammo_smg1_mor	4775.783203 -1282.463989 32.501686	-0.813 0.012 -0.609
item_ammo_smg1_mor	4289.469238 -706.027954 32.498795	-0.853 0.012 -0.633
item_ammo_smg1_mor	-564.953308 -240.058899 32.415752	0.338 -0.005 0.215
item_ammo_smg1_mor	-229.278503 -1273.734497 32.513130	0.275 -0.012 -0.238
item_ammo_smg1_mor	-1374.803711 -1947.996826 32.428566	0.663 -0.003 0.433
item_ammo_smg1_mor	1003.500427 -1348.938599 63.923237	-0.455 0.011 -0.337
item_ammo_smg1_mor	961.670593 -1350.345581 63.891140	-0.388 -0.047 -0.210
item_ammo_smg1_mor	3043.544189 -1033.974731 224.428574	0.675 -0.003 0.441
item_ammo_smg1_mor	431.830383 4609.365723 -192.105301	0.808 -0.006 -0.593
item_ammo_smg1_mor	-538.115234 -2332.253906 32.396790	0.136 -0.005 0.079
item_ammo_smg1_mor	777.930969 3262.619629 -223.519318	-0.214 -0.001 0.022
item_ammo_smg1_mor	1927.106812 2854.207275 -222.631683	0.220 0.763 6.117
item_ammo_smg1_mor	1545.005127 2130.326660 -159.238113	-0.386 0.002 0.376
item_ammo_smg1_mor	1586.456055 2490.785156 -223.519272	0.214 0.001 0.022
item_ammo_smg1_mor	2101.214600 -821.922363 -223.603210	-0.136 0.005 0.079
mor_random_rifle	3302.506592 -3986.530518 48.866016	2.096 -5.688 83.882
mor_random_rifle	70.557449 1897.789551 256.289825	2.107 -6.098 83.849
mor_random_rifle	821.455200 1973.873047 224.855774	2.225 -5.791 83.984
mor_random_rifle	384.645691 1733.630493 60.999462	2.186 -5.785 83.953
mor_random_rifle	519.596008 1571.350708 61.001614	2.159 -5.783 83.932
mor_random_rifle	982.144348 1857.512207 36.861145	2.157 -5.783 83.930
mor_random_rifle	101.654495 2177.965088 224.868668	2.062 -5.686 83.856
mor_random_rifle	442.932312 3061.786377 32.853924	2.248 -5.793 84.002
mor_random_rifle	988.533875 1971.012939 32.852379	2.268 -5.795 84.017
mor_random_rifle	2122.253906 980.923218 64.856850	2.175 -6.477 83.922
mor_random_rifle	1747.780884 1267.056641 64.231003	2.209 -5.703 84.080
mor_random_rifle	2764.298096 1477.182861 64.255951	2.045 -5.309 83.524
mor_random_rifle	4351.232910 1156.316040 32.861225	2.156 -5.706 83.929
mor_random_rifle	4703.977539 -1151.758911 97.116524	2.116 -5.965 84.049
mor_random_rifle	4453.476074 -1128.535278 81.150444	2.120 -5.965 84.059
mor_random_rifle	4497.409668 -798.866516 81.161453	2.094 -5.965 83.986
mor_random_rifle	3539.800537 -1104.859253 81.195602	1.800 -5.793 84.349
mor_random_rifle	2972.646240 -1550.067139 64.865646	2.100 -5.781 83.886
mor_random_rifle	2741.227295 -1632.537964 64.853172	2.258 -5.796 84.010
mor_random_rifle	2571.343994 -1261.067261 64.296608	2.060 -5.301 83.844
mor_random_rifle	-754.324768 -2878.011719 51.194630	2.135 -5.941 84.623
mor_random_rifle	-1056.489624 -3499.506348 289.117249	2.122 -5.964 84.065
mor_random_rifle	-1656.482910 -3576.180664 260.698975	2.132 -3.616 84.440
mor_random_rifle	577.611389 923.776306 64.286522	2.099 -5.687 83.875
mor_random_rifle	2721.787109 -618.921631 64.862358	2.142 -5.699 83.918
mor_random_rifle	2893.073242 -574.211731 64.865623	2.101 -5.689 83.886
mor_random_rifle	2362.625244 -691.430481 32.863937	2.122 -5.693 83.903
mor_random_rifle	2651.601807 -1042.503540 161.313980	2.112 -5.966 84.037
mor_random_rifle	-455.899567 2190.356934 32.862049	2.146 -5.782 83.921
mor_random_rifle	3892.387695 -480.825806 64.268326	2.093 -5.717 83.880
mor_random_rifle	4776.282715 -1504.322388 32.855553	2.228 -5.791 83.986
mor_random_rifle	3909.369141 -1122.522705 81.159378	2.099 -5.966 84.000
mor_random_rifle	3519.963623 -2926.150879 64.297134	2.064 -5.735 83.842
mor_random_rifle	1441.027588 -2360.751709 52.856815	2.212 -5.789 83.973
mor_random_rifle	-238.874985 -223.544098 32.866646	2.088 -5.687 83.876
mor_random_rifle	-1219.116821 -205.888504 32.855988	2.222 -5.788 83.982
mor_random_rifle	240.532211 -1748.274292 32.861088	2.158 -5.706 83.931
mor_random_rifle	3070.541748 -520.168030 32.861996	2.146 -5.699 83.922
mor_random_rifle	2820.961182 -997.850891 40.985062	2.142 -5.699 83.918
mor_random_rifle	-751.183594 -2395.779053 64.312164	2.023 -4.909 83.746
mor_random_rifle	1438.037109 1573.079102 32.854877	2.236 -5.790 83.993
mor_random_rifle	147.783890 2862.905518 -223.136856	2.132 -5.695 83.910
mor_random_rifle	-1491.000122 938.651001 32.863449	2.128 -5.695 83.907
mor_random_rifle	3794.369141 2913.108643 32.864246	2.118 -6.059 83.899
mor_random_rifle	3397.552979 2587.093018 32.853676	2.251 -5.792 84.005
mor_random_rifle	570.076904 4313.840820 -223.137070	2.135 -5.697 83.913
info_alien_spawn	1909.138916 1986.375732 496.516754	-0.072 -0.000 0.072
info_alien_spawn	1816.810791 1965.136108 496.551605	-0.042 -0.000 0.042
info_alien_spawn	1696.155151 1808.731567 496.542877	-0.050 -0.000 0.050
info_alien_spawn	1611.987671 1841.755615 496.501709	-0.085 -0.000 0.085
info_alien_spawn	1421.717773 1860.173706 496.521606	-0.068 -0.000 0.068
info_alien_spawn	1336.897827 1910.580688 496.546204	-0.047 -0.000 0.047
info_alien_spawn	1187.578125 1874.199463 496.526215	-0.064 -0.000 0.064
info_alien_spawn	1292.466553 1961.779175 496.573853	-0.024 0.000 0.021
info_alien_spawn	1167.459839 2075.089111 496.504639	-0.083 -0.000 0.083
info_alien_spawn	1269.693359 2124.303223 496.494019	-0.092 -0.000 0.092
info_alien_spawn	1168.677734 2229.119873 496.540253	-0.052 -0.000 0.052
info_alien_spawn	1285.822632 2231.306885 496.555115	-0.039 -0.000 0.039
info_alien_spawn	1129.315552 2353.242432 496.529449	-0.061 -0.000 0.061
info_alien_spawn	1286.485962 2323.958252 496.531555	-0.059 -0.000 0.059
info_alien_spawn	1104.496704 2433.067627 496.536530	-0.055 -0.000 0.055
info_alien_spawn	1245.907349 2403.867188 496.547028	-0.046 -0.000 0.046
info_alien_spawn	1225.610718 2517.463867 496.503174	-0.084 -0.000 0.084
info_alien_spawn	1325.184937 2481.000977 496.530518	-0.060 -0.000 0.060
info_alien_spawn	1307.036133 2582.607178 496.580750	0.000 0.023 0.061
info_alien_spawn	1390.640381 2559.573975 496.587189	-0.133 0.273 -0.101
info_alien_spawn	1565.600952 2552.943359 496.514191	-0.075 -0.000 0.075
info_alien_spawn	1485.259888 2554.333496 496.495605	-0.091 -0.000 0.091
info_alien_spawn	1772.236572 2523.494873 496.495605	-0.091 -0.000 0.091
info_alien_spawn	1677.770752 2524.249756 496.527313	-0.063 -0.000 0.063
info_alien_spawn	1942.729614 2410.882080 496.570526	-0.026 -0.000 0.025
info_alien_spawn	1816.865234 2390.195557 496.542023	-0.050 -0.000 0.050
info_alien_spawn	1960.987915 2335.132813 496.503174	-0.084 -0.000 0.084
info_alien_spawn	1803.042480 2311.186523 496.497162	-0.089 -0.000 0.089
info_alien_spawn	1927.473389 2236.452393 496.500214	-0.087 -0.000 0.087
info_alien_spawn	1791.132568 2210.849121 496.535553	-0.056 -0.000 0.056
info_alien_spawn	1898.308472 2153.922607 496.547028	-0.046 -0.000 0.046
info_alien_spawn	1767.425537 2129.198242 496.525085	-0.065 -0.000 0.065
info_alien_spawn	1822.057617 2057.659668 496.543732	-0.049 -0.000 0.049
info_alien_spawn	1691.482788 2066.789551 496.562531	-0.032 -0.000 0.032
info_alien_spawn	1685.202148 2193.305176 496.514191	-0.075 -0.000 0.075
info_alien_spawn	1566.024902 2135.344238 496.553741	-0.040 -0.000 0.040
info_alien_spawn	1652.574585 2282.592041 496.554413	-0.040 -0.000 0.039
info_alien_spawn	1531.109985 2324.016357 496.506073	-0.082 -0.000 0.082
info_alien_spawn	1430.933838 2413.131348 496.565765	-0.030 -0.000 0.030
info_alien_spawn	1460.617432 2227.780762 496.569183	-0.027 -0.000 0.027
info_alien_spawn	1455.077271 2138.147705 496.511566	-0.077 -0.000 0.077
info_alien_spawn	1407.588379 2043.259521 496.521606	-0.068 -0.000 0.068
info_alien_spawn	1475.337158 1983.250488 496.508850	-0.079 -0.000 0.079
info_alien_spawn	1617.679199 1990.770142 496.532593	-0.059 -0.000 0.059
info_alien_spawn	1575.902466 1887.198730 496.497162	-0.089 -0.000 0.089
info_alien_spawn	1476.024780 1909.765015 496.527313	-0.063 -0.000 0.063
info_alien_spawn	1546.793579 2052.385986 496.506073	-0.082 -0.000 0.082
info_alien_spawn	1589.106812 2198.966309 496.522797	-0.067 -0.000 0.067
info_alien_spawn	1576.321411 2447.163574 496.535553	-0.056 -0.000 0.056
info_alien_spawn	1423.505493 2335.442139 496.553040	-0.041 -0.000 0.041
info_alien_spawn	1363.567749 2412.479980 496.528381	-0.062 -0.000 0.062
info_alien_spawn	1351.383911 2236.929688 496.590271	0.000 -0.196 0.030
info_alien_spawn	1391.783081 2134.693848 496.541138	-0.051 -0.000 0.051
info_alien_spawn	1690.604126 2368.608398 496.497162	-0.089 -0.000 0.089
info_alien_spawn	1576.024902 2386.068848 496.534576	-0.057 -0.000 0.057
info_alien_spawn	1492.230347 2489.586670 496.535553	-0.056 -0.000 0.056
info_alien_spawn	1431.608643 2602.644287 496.519226	-0.070 -0.000 0.070
info_alien_spawn	1250.682617 2593.081787 496.539337	-0.053 -0.000 0.053
info_alien_spawn	1141.210938 2490.014160 496.571411	-0.025 -0.000 0.025
info_alien_spawn	1187.164673 2408.243408 496.546204	-0.047 -0.000 0.047
info_alien_spawn	1211.461182 2334.280518 496.514191	-0.075 -0.000 0.075
info_alien_spawn	1218.112793 2153.613770 496.523956	-0.066 -0.000 0.066
info_alien_spawn	1325.407227 2126.659180 496.551605	-0.042 -0.000 0.042
info_alien_spawn	1378.565674 1923.088501 496.528381	-0.062 -0.000 0.062
mor_random_weapon	-794.829956 -1701.765869 64.674667	1.332 4.074 -93.837
mor_random_weapon	-725.860901 -1702.748169 64.602196	2.144 6.942 -91.980
mor_random_weapon	3261.763672 -3907.658447 49.221798	1.629 4.694 -93.160
mor_random_weapon	3310.545410 -3941.732422 49.210857	1.753 4.706 -92.877
mor_random_weapon	67.197243 1691.465820 256.674866	1.305 4.107 -94.041
mor_random_weapon	66.149628 1858.746338 256.605682	2.156 5.191 -91.973
mor_random_weapon	72.225357 2044.408325 256.674316	1.373 6.644 -93.757
mor_random_weapon	3570.810791 3605.343750 49.198437	1.893 4.717 -92.557
mor_random_weapon	3816.969971 3603.350586 49.196125	1.919 4.718 -92.497
mor_random_weapon	2252.088379 1004.959351 65.240562	1.417 4.661 -93.647
mor_random_weapon	2611.993164 1261.554810 64.672371	1.361 4.754 -93.764
mor_random_weapon	1340.598877 -118.570786 -158.509308	1.766 4.772 -92.847
mor_random_weapon	1321.077148 -238.982285 -158.669693	1.793 4.710 -92.786
mor_random_weapon	1324.581177 -191.678116 -158.667297	1.766 4.708 -92.848
mor_random_weapon	4770.059082 -1669.670898 33.203648	1.834 4.930 -92.691
mor_random_weapon	4.329418 2887.784668 -218.768799	1.523 4.913 -93.404
mor_random_weapon	1006.806763 2276.451660 -222.777039	1.616 4.691 -93.190
mor_random_weapon	858.144714 -2007.802124 65.223824	1.606 4.920 -93.213
mor_random_weapon	657.257568 -2549.748779 33.218864	1.662 4.697 -93.084
mor_random_weapon	-229.886520 2013.332520 216.747940	1.332 5.556 -93.841
item_ammo_battery_mor	3384.799805 -3952.389404 54.086185	0.027 -0.094 0.219
item_ammo_battery_mor	3366.035889 -3949.093018 54.093365	0.025 -0.095 0.206
item_ammo_battery_mor	3362.783447 -3924.385498 54.070454	0.030 -0.094 0.247
item_ammo_battery_mor	95.801399 1550.467651 261.618317	-0.000 0.037 0.050
item_ammo_battery_mor	91.568466 1589.335571 225.772705	0.285 -18.658 89.226
item_ammo_battery_mor	95.756912 1558.812744 261.543549	0.038 -0.088 -0.308
item_ammo_battery_mor	3530.855957 3604.715576 54.091610	0.026 -0.095 0.209
item_ammo_battery_mor	3890.768555 3612.853760 54.057343	0.033 -0.090 0.270
item_ammo_battery_mor	401.222107 -2217.847656 70.143715	0.009 -0.088 0.112
item_ammo_battery_mor	403.929962 -2182.264893 70.095139	0.015 -0.087 0.195
item_ammo_battery_mor	390.156281 -2394.111816 110.156776	0.938 0.415 1.452
item_ammo_battery_mor	2848.900391 -654.065002 70.084320	0.027 -0.094 0.222
item_ammo_battery_mor	-827.691711 -626.862671 66.118141	0.012 0.088 -0.156
item_ammo_battery_mor	-1741.716431 -1153.873291 102.417000	-0.022 0.081 0.148
item_ammo_battery_mor	-1752.843872 -1144.002319 102.374382	-0.007 0.041 0.161
item_ammo_battery_mor	1598.581665 -2572.364990 89.725838	0.026 -0.002 0.489
item_ammo_battery_mor	1580.963623 -2592.113525 89.706886	0.029 -0.091 0.270
item_ammo_battery_mor	1488.480835 -2356.423584 58.096840	0.015 -0.087 0.192
item_ammo_battery_mor	1545.929321 -2104.965332 142.820572	-0.008 -0.077 0.176
item_ammo_battery_mor	1949.898560 -699.434082 70.047913	0.035 -0.090 0.287
item_ammo_battery_mor	1050.972046 -556.171021 70.100166	0.015 -0.088 0.186
item_ammo_battery_mor	1077.609741 -634.401367 70.052765	0.021 -0.083 0.268
item_ammo_battery_mor	1279.241577 -387.996948 38.143692	0.014 -0.096 0.116
item_ammo_battery_mor	1547.190796 -379.521851 86.138603	0.015 -0.096 0.125
item_ammo_battery_mor	1425.084839 -395.872223 33.708134	0.423 -50.827 -89.901
item_ammo_battery_mor	1323.106079 -396.718994 33.697456	0.559 -44.897 -90.111
item_ammo_battery_mor	1423.630493 -379.863983 86.027260	0.040 -0.083 0.324
item_ammo_battery_mor	1328.782959 -217.738815 -209.802444	0.029 -0.094 0.240
item_ammo_battery_mor	1320.543457 -190.853180 -209.765991	0.021 -0.095 0.174
item_ammo_battery_mor	2825.031738 1863.947388 -345.905548	0.007 -0.050 0.196
item_ammo_battery_mor	2544.278076 345.261169 -209.815155	0.032 -0.093 0.262
item_ammo_battery_mor	2529.631836 361.850372 -209.817398	0.033 -0.093 0.266
item_ammo_battery_mor	2521.428467 401.192047 -209.788986	0.026 -0.094 0.216
item_ammo_battery_mor	2521.368652 384.243927 -209.768997	0.022 -0.095 0.180
item_ammo_battery_mor	2624.630615 2811.866211 -217.846375	0.012 -0.096 0.098
item_ammo_battery_mor	2563.644775 2818.114014 -217.908386	0.026 -0.095 0.209
item_ammo_battery_mor	3325.788330 -1154.697266 46.059612	0.033 -0.093 0.266
item_ammo_battery_mor	1224.908203 2191.718018 294.173309	0.035 -0.091 0.283
item_ammo_battery_mor	1216.090576 2171.017578 294.191315	0.031 -0.092 0.251
item_ammo_battery_mor	474.868927 1591.287598 66.219215	0.017 -0.086 0.224
item_ammo_battery_mor	1992.597168 -342.739532 -122.095673	0.201 0.280 -1.063
item_ammo_battery_mor	1977.903076 -360.559723 -122.067062	0.160 0.275 -0.848
weapon_mor_beretta	2476.267090 422.487976 -222.458954	87.025 -8.269 -40.221
weapon_mor_mars	-548.780151 1425.228394 97.351685	-0.468 23.342 85.587
weapon_mor_mars	2553.248047 585.487305 64.502708	-0.436 20.345 86.131
weapon_mor_mars	3328.967529 -1379.909424 41.122681	-0.397 17.407 86.824
weapon_mor_mars	3337.795410 1648.716919 33.126827	-0.391 17.409 86.922
weapon_mor_mars	3327.520508 -1219.735107 41.129620	-0.387 17.408 86.988
weapon_mor_gr4	3625.769043 -1054.751343 81.590179	-0.390 3.040 86.884
weapon_mor_gr4	3237.114746 -592.316650 64.259682	-0.583 2.599 88.040
weapon_mor_gr4	2616.535400 -675.023926 64.821159	-0.507 4.626 87.577
weapon_mor_gr4	-924.905396 -858.425232 60.827290	-0.540 4.628 87.776
weapon_mor_gr4	-901.155151 1989.814575 32.768612	-0.941 4.851 88.097
weapon_mor_gr4	-640.828430 1200.170288 52.777775	-0.710 2.679 89.541
weapon_glowstick	-703.967163 -1696.100708 70.524643	0.004 1.005 -0.005
weapon_glowstick	-701.404724 -1688.480957 70.516235	0.151 -1.433 0.447
weapon_glowstick	3538.566162 -3898.751465 54.966885	-0.607 0.816 -0.133
weapon_glowstick	3526.619141 -3917.231445 54.976585	-0.563 0.832 -0.124
weapon_glowstick	3516.822754 -3933.871582 55.068249	-0.145 0.885 -0.032
weapon_glowstick	3508.379395 -3949.361816 54.972794	-0.581 0.834 -0.127
weapon_glowstick	34.485565 1876.376831 226.041473	-58.049 -179.591 -88.372
weapon_glowstick	65.028320 1934.570190 262.527954	0.008 0.058 -0.002
weapon_glowstick	3635.775391 3594.833008 54.970341	0.366 -0.870 0.499
weapon_glowstick	3790.039307 3651.654297 54.987293	-0.514 0.844 -0.113
weapon_glowstick	2602.827148 336.634857 -208.876877	-0.456 0.861 -0.100
weapon_glowstick	2593.460205 325.321075 -208.941559	-0.750 0.728 -0.164
weapon_glowstick	2467.780273 355.865692 -217.011017	-0.507 0.853 -0.111
weapon_glowstick	1622.449951 -2340.881592 59.025925	-0.320 0.812 -0.064
weapon_glowstick	1618.440552 -2370.274902 58.949257	-0.651 0.734 -0.129
weapon_glowstick	952.652161 -2188.654785 70.970428	-0.559 0.769 -0.111
weapon_glowstick	767.480957 -2291.002441 70.951523	-0.641 0.739 -0.128
weapon_glowstick	388.072021 -2084.786621 150.983444	-0.503 0.782 -0.100
weapon_glowstick	2776.560059 961.350220 71.032570	-0.308 0.878 -0.067
weapon_glowstick	2764.972412 986.603210 71.042877	-0.261 0.881 -0.057
weapon_glowstick	2104.184326 953.525208 71.011505	-0.404 0.870 -0.089
weapon_glowstick	460.278687 1550.434448 67.089867	-0.651 0.734 -0.129
weapon_glowstick	554.496460 1535.895386 67.075531	-0.712 0.677 -0.142
weapon_glowstick	1773.566406 -874.608948 38.978439	-0.555 0.832 -0.122
weapon_glowstick	1326.781982 -270.208710 -208.904221	-0.580 0.834 -0.127
weapon_glowstick	1311.626099 -256.055420 -208.859055	-0.374 0.873 -0.082
weapon_glowstick	2643.747314 -521.048950 71.028839	0.609 -0.083 4.043
weapon_glowstick	2707.011719 -547.833496 71.023277	0.647 -0.082 4.295
weapon_glowstick	2704.214600 -3300.211914 39.003109	-0.442 0.861 -0.097
weapon_glowstick	786.231995 -1347.944580 70.508942	-0.010 -1.386 -0.001
weapon_glowstick	-960.937378 -796.381165 67.006409	-0.218 -0.064 -0.102
weapon_glowstick	-810.906311 -463.483704 66.929512	-0.261 0.896 -0.711
weapon_glowstick	-824.236450 -456.932098 66.993347	-0.163 0.962 -0.445
weapon_glowstick	3333.979248 -1372.746826 102.962791	-0.626 0.818 -0.137
weapon_glowstick	3318.311523 -1354.680054 102.947456	-0.696 0.766 -0.153
weapon_glowstick	4752.720703 -1378.752319 135.044479	-0.124 0.109 1.933
weapon_glowstick	3248.039795 -321.755524 70.465919	-1.424 -0.974 1.173
weapon_glowstick	4552.794434 1684.927856 39.003109	-0.442 0.861 -0.097
weapon_glowstick	308.988922 918.402832 70.524864	-0.001 10.938 -0.020
weapon_glowstick	2449.648682 -513.034607 295.326538	-0.127 0.109 1.914
weapon_glowstick	2583.051025 -1406.486084 70.475594	0.882 0.301 0.743
weapon_glowstick	2563.400391 -1418.699707 70.418304	-0.676 -1.107 0.000
weapon_glowstick	2738.339111 -1005.797424 47.162937	-0.273 0.881 -0.060
weapon_glowstick	2753.030029 -992.254883 47.081276	-0.645 0.795 -0.141
weapon_glowstick	768.894409 3861.430176 -152.687347	-0.157 0.102 2.366
weapon_glowstick	201.077484 4059.242676 -152.576721	0.393 0.007 0.615
weapon_glowstick	-848.412109 -2386.397461 70.425827	-2.800 6.455 0.639
weapon_glowstick	1575.072144 2997.577637 -184.994019	-0.429 0.867 -0.093
weapon_glowstick	1076.406494 2331.306396 -186.103943	-0.196 0.064 3.330
weapon_glowstick	-1277.769531 1913.029663 39.005623	0.267 -0.903 0.364
weapon_glowstick	-646.677734 893.107361 58.929844	-0.734 0.682 -0.146
weapon_glowstick	-667.348206 1228.094604 59.020115	-0.345 0.810 -0.069
weapon_glowstick	3796.166260 2799.097656 103.466209	-0.431 0.655 -0.095
weapon_glowstick	3569.734375 943.232727 38.998611	-0.463 0.861 -0.101
weapon_glowstick	-134.156479 1725.908447 34.216763	16.655 143.637 90.009
weapon_glowstick	-218.459854 1954.011719 222.599716	-0.000 0.768 0.000
weapon_glowstick	-1537.708252 -3559.446289 285.247742	0.449 -0.095 2.957
weapon_glowstick	-1476.155151 -3569.240967 39.082859	0.734 0.014 0.524
weapon_mor_zx9	134.379990 1551.771729 260.553497	-2.679 -0.442 -0.010
weapon_mor_zx9	3706.567627 3645.296387 53.012295	-2.813 -0.955 0.481
weapon_mor_zx9	2533.237305 348.227875 -154.823288	-2.767 -0.950 0.321
weapon_mor_zx9	2566.023926 385.671143 -154.819641	-2.763 -0.950 0.307
weapon_mor_zx9	-1707.641235 -3369.474121 229.045532	-2.776 -0.790 0.352
weapon_mor_zx9	2769.237793 908.747131 37.004021	-2.822 -0.795 0.512
weapon_mor_zx9	2898.905762 -348.033783 127.324242	-2.770 -0.431 0.789
weapon_mor_zx9	3403.051758 -892.572266 37.048222	-2.773 -0.789 0.342
weapon_mor_zx9	1181.556763 1873.922485 41.019047	-2.806 -0.793 0.454
weapon_mor_m418	2408.752197 349.792328 -222.771301	1.540 -11.279 83.098
weapon_mor_blaster	3392.104492 -3925.179688 48.831669	2.215 -18.398 -83.900
weapon_mor_blaster	3503.872070 3600.043457 48.898247	2.240 -18.494 -84.583
weapon_mor_blaster	3854.841309 3610.284424 48.856525	2.224 -18.472 -84.155
weapon_mor_blaster	2881.481201 -650.732666 64.856522	2.224 -18.472 -84.155
weapon_mor_blaster	771.604797 -2608.431152 135.360199	2.000 -20.562 -85.795
weapon_mor_blaster	-815.323792 -626.581787 60.970562	1.952 -18.760 -85.879
weapon_mor_blaster	2815.558594 1894.002319 -351.029572	1.827 -19.828 -86.096
weapon_mor_blaster	3323.515625 -1145.881104 40.926792	2.251 -18.500 -84.876
weapon_mor_blaster	1219.831787 2242.500244 288.950378	2.213 -18.357 -83.856
weapon_mor_scarm8	-911.955261 -1698.494141 64.706284	0.258 7.812 85.317
weapon_mor_scarm8	-1330.110962 -1499.726807 33.260120	0.312 9.321 85.014
weapon_mor_scarm8	-923.557007 -692.564514 61.218990	0.534 9.308 84.083
weapon_mor_scarm8	970.410767 600.006470 33.213081	0.493 9.317 84.047
weapon_mor_scarm8	1336.175781 -383.558197 -191.324295	0.301 7.468 85.063
weapon_mor_scarm8	-488.872986 1832.335938 37.224098	0.509 9.309 84.195
weapon_mor_scarm8	1347.241943 -2358.236328 53.236271	0.449 9.311 84.463
weapon_mor_scarm8	1995.018799 577.779785 33.267857	0.293 9.311 85.159
weapon_mor_scarm8	368.494690 1991.909302 123.519577	0.565 8.654 83.819
item_ammo_pistol_mor	2479.604736 395.130096 -223.604858	-0.090 -0.020 -0.027
item_ammo_pistol_mor	2463.467041 407.833649 -223.666733	-0.145 -0.018 -0.044
item_ammo_pistol_mor	2567.987793 1046.691650 -223.637222	-0.119 -0.019 -0.036
item_ammo_pistol_mor	1048.626221 2123.467773 -169.373489	0.008 0.030 0.005
weapon_mor_m20	-1079.946777 -3431.875732 34.722569	3.516 -11.691 -84.554
weapon_mor_medkit	-878.259583 -1700.226807 63.928951	-0.347 -0.820 0.186
weapon_mor_medkit	3124.516113 -3900.361816 48.483864	-0.794 -0.274 0.039
weapon_mor_medkit	3149.796631 -3897.882568 48.477543	-0.943 -0.246 0.019
weapon_mor_medkit	75.503250 1740.446289 255.920090	-0.612 -1.175 0.077
weapon_mor_medkit	67.520935 1768.329590 255.912201	-0.810 -1.057 0.058
weapon_mor_medkit	3754.522949 3577.603027 48.485771	-0.750 -0.277 0.045
weapon_mor_medkit	2522.930420 328.777435 -215.397629	-0.900 -0.256 0.025
weapon_mor_medkit	2516.869141 339.778168 -215.389984	-0.720 -0.279 0.049
weapon_mor_medkit	387.552643 -2021.940552 104.464180	-1.129 1.287 0.077
weapon_mor_medkit	2733.006348 988.534241 64.502647	-0.436 2.923 0.146
weapon_mor_medkit	476.839569 1724.934326 60.624222	-0.750 0.583 0.077
weapon_mor_medkit	1837.999146 -823.253540 104.346504	-1.738 2.213 0.094
weapon_mor_medkit	3462.084717 -2878.982666 63.924362	-0.561 -0.957 0.081
weapon_mor_medkit	-949.092041 -506.654205 60.467091	-1.097 0.609 0.059
weapon_mor_medkit	3326.413574 -1327.436890 96.484146	-0.788 -0.274 0.040
weapon_mor_medkit	3990.958984 -632.967224 32.467091	-1.097 0.609 0.059
weapon_mor_medkit	2827.989746 -1008.834412 96.602440	-0.891 -0.256 0.026
weapon_mor_medkit	967.045349 1924.532837 228.476028	-0.910 0.589 0.069
weapon_mor_medkit	1063.466675 2335.932861 -192.631149	-1.000 2.162 0.097
weapon_mor_medkit	-668.550415 1138.390015 52.469189	-1.053 0.601 0.061
weapon_mor_medkit	3553.032471 1561.829102 32.480762	-0.867 -0.264 0.030
weapon_mor_medkit	-243.525131 2039.193604 216.002853	-0.347 1.137 0.098
mor_random_pistol	2405.618408 725.849731 -199.029205	2.166 -18.665 -85.506
mor_random_pistol	2415.945801 760.516846 -199.029449	1.942 -18.776 -85.895
mor_random_pistol	2431.830811 731.007263 -199.029465	1.932 -18.777 -85.913
mor_random_pistol	2581.726318 375.583923 -214.977676	2.241 -18.493 -84.594
mor_random_pistol	2563.003906 351.226105 -215.058578	2.209 -18.342 -83.765
mor_random_pistol	2545.427246 383.673920 -215.013763	2.227 -18.490 -84.224
mor_random_pistol	2530.357910 952.683228 64.863235	2.227 -18.490 -84.224
mor_random_pistol	2609.069092 989.467224 64.827385	2.213 -18.357 -83.856
mor_random_pistol	2696.341797 983.473572 64.841805	2.219 -18.436 -84.004
mor_random_pistol	2705.806396 941.509094 64.827385	2.213 -18.357 -83.856
mor_random_pistol	2493.676025 993.675171 64.845657	2.220 -18.437 -84.044
mor_random_pistol	2256.511963 948.066345 64.849388	2.221 -18.466 -84.082
mor_random_pistol	1900.188843 1267.526489 64.360146	2.508 -23.812 -85.040
mor_random_pistol	1975.034424 1281.491333 64.384666	1.814 -22.289 -86.108
mor_random_pistol	528.465759 1638.905273 61.111107	1.877 -18.778 -86.008
mor_random_pistol	490.461090 1625.210327 61.111404	2.166 -18.665 -85.506
mor_random_pistol	495.643738 1685.146729 61.111202	1.984 -18.746 -85.823
mor_random_pistol	382.496826 1663.796753 61.111145	1.932 -18.777 -85.913
mor_random_pistol	830.461792 2140.304199 276.479187	2.214 -18.387 -83.878
mor_random_pistol	810.494629 2164.577148 276.538544	2.237 -18.491 -84.487
mor_random_pistol	221.544907 705.900696 64.312302	2.797 -22.559 -84.755
mor_random_pistol	251.710480 721.384888 64.343552	1.788 -21.190 -86.144
mor_random_pistol	314.100708 717.652405 64.204758	3.386 -22.422 -83.409
mor_random_pistol	1066.272217 -613.090332 64.970505	1.895 -18.768 -85.978
mor_random_pistol	1053.262451 -596.294617 64.970543	1.932 -18.776 -85.913
mor_random_pistol	1064.310547 -534.152466 64.970718	2.093 -18.692 -85.634
mor_random_pistol	1704.578247 -403.265625 -223.113617	2.236 -18.492 -84.461
mor_random_pistol	1707.494751 -460.164703 -223.133560	2.228 -18.488 -84.257
mor_random_pistol	1682.341797 -454.311676 -223.118896	2.234 -18.490 -84.407
mor_random_pistol	2647.461670 -564.045959 64.892540	2.238 -18.493 -84.524
mor_random_pistol	2584.496094 -582.121460 64.825195	2.212 -18.358 -83.834
mor_random_pistol	2593.637451 -524.211670 64.876938	2.232 -18.490 -84.364
mor_random_pistol	3337.745605 -2848.135986 64.333954	2.920 -23.088 -84.370
mor_random_pistol	3113.846436 -2966.028076 81.283615	1.859 -20.629 -86.041
mor_random_pistol	1547.133911 -2369.835938 52.970551	1.942 -18.776 -85.896
mor_random_pistol	1572.995728 -2331.931885 52.970512	1.906 -18.795 -85.959
mor_random_pistol	1581.442993 -2371.221436 52.970615	2.000 -18.733 -85.794
mor_random_pistol	999.314697 -2092.273926 64.970619	2.000 -18.734 -85.794
mor_random_pistol	827.582642 -2020.522339 64.970535	1.927 -18.776 -85.922
mor_random_pistol	788.756531 -2144.065186 64.970505	1.895 -18.768 -85.978
mor_random_pistol	806.955750 -2274.769775 64.970833	2.200 -18.658 -85.447
mor_random_pistol	995.187256 -2265.136719 64.970543	1.937 -18.776 -85.904
mor_random_pistol	981.471985 -1990.929077 64.970596	1.979 -18.746 -85.831
mor_random_pistol	390.734161 -2185.553223 104.970604	1.992 -18.745 -85.809
mor_random_pistol	-259.617401 -135.442795 36.970608	1.992 -18.745 -85.809
mor_random_pistol	-284.407837 -102.342636 36.970676	2.051 -18.705 -85.706
mor_random_pistol	-239.233902 -3038.843994 51.288254	1.867 -19.163 -86.027
mor_random_pistol	-287.472961 -3046.933838 51.288116	1.757 -19.198 -86.218
mor_random_pistol	3816.697510 -1209.824585 32.970505	1.889 -18.766 -85.988
mor_random_pistol	3805.857422 -1266.857056 32.970600	1.984 -18.746 -85.823
mor_random_pistol	3776.708008 -1251.440674 32.970558	1.947 -18.776 -85.887
mor_random_pistol	3439.244629 -973.250854 81.760895	1.932 -20.588 -85.914
mor_random_pistol	4359.017090 -800.597412 80.806541	1.883 -20.613 -85.999
mor_random_pistol	4391.648438 -784.332092 81.283920	2.127 -19.055 -85.574
mor_random_pistol	4409.589355 -809.991699 81.283714	1.947 -20.587 -85.888
mor_random_pistol	4275.618164 -1064.306519 32.970505	1.895 -18.768 -85.978
mor_random_pistol	4277.817383 -1125.720825 32.970562	1.952 -18.760 -85.879
mor_random_pistol	4238.362305 -1101.000610 32.970600	1.984 -18.746 -85.823
mor_random_pistol	4073.292725 -438.389496 64.366150	2.675 -23.107 -84.797
mor_random_pistol	4108.384766 -461.376556 64.344505	2.760 -22.962 -84.530
mor_random_pistol	4054.898682 -468.486237 64.400459	1.692 -24.012 -86.331
mor_random_pistol	4553.008301 807.072021 32.915558	2.247 -18.497 -84.761
mor_random_pistol	3963.596191 1291.568726 32.870853	2.750 -19.662 -84.143
mor_random_pistol	775.315857 957.940125 32.908440	2.244 -18.496 -84.688
mor_random_pistol	775.503967 1001.059387 32.869564	2.229 -18.490 -84.289
mor_random_pistol	810.197021 1003.209717 32.835812	2.216 -18.399 -83.943
mor_random_pistol	2917.971680 -1575.245483 64.970619	2.000 -18.734 -85.794
mor_random_pistol	2957.154785 -1614.677490 64.970627	2.004 -18.733 -85.787
mor_random_pistol	2800.927734 -1645.102661 64.970528	1.922 -18.794 -85.931
mor_random_pistol	2696.579346 -1543.683472 64.970741	2.110 -18.682 -85.603
mor_random_pistol	2677.914307 -1647.493164 64.970627	2.008 -18.733 -85.781
mor_random_pistol	2847.123291 -1572.974609 64.970619	2.000 -18.734 -85.794
mor_random_pistol	2762.823242 -1017.413940 40.977482	2.224 -18.471 -84.137
mor_random_pistol	2779.727051 -1008.940186 40.952244	2.214 -18.387 -83.878
mor_random_pistol	1087.817993 4462.012207 -191.647507	2.576 -23.155 -84.865
mor_random_pistol	1101.172119 4421.924316 -191.605957	2.788 -20.396 -85.574
mor_random_pistol	1081.252686 4387.842285 -191.616882	1.609 -22.726 -86.505
mor_random_pistol	2556.008301 1019.338867 -223.179276	2.210 -18.356 -83.788
mor_random_pistol	1067.533569 2120.228027 -168.831924	1.992 -18.745 -85.809
mor_random_pistol	-1390.420654 1550.989502 32.816105	2.208 -18.320 -83.741
mor_random_pistol	-1448.609131 1594.206543 32.841808	2.219 -18.436 -84.004
mor_random_pistol	-654.878235 1020.507324 52.970554	1.947 -18.775 -85.887
mor_random_pistol	-625.812317 983.280945 52.970680	2.058 -18.705 -85.694
mor_random_pistol	-656.372559 960.878235 52.970516	1.911 -18.795 -85.949
mor_random_pistol	3396.507080 1909.302490 51.713482	1.656 -19.229 -86.394
mor_random_pistol	3348.155518 1910.196777 51.713745	1.861 -19.164 -86.037
mor_random_pistol	-253.374741 1947.318604 216.470764	2.214 -23.183 -85.422
mor_random_pistol	847.986267 1896.400513 32.970528	1.922 -18.794 -85.931
mor_random_pistol	906.023804 1890.223877 32.970547	1.937 -18.776 -85.904
mor_random_pistol	892.468445 1842.382202 32.970535	1.927 -18.776 -85.922
mor_random_smg	2584.143311 394.376160 -214.782623	0.278 6.176 -87.238
mor_random_smg	-1500.813721 -3361.060303 254.394714	-7.456 1.088 -2.032
mor_random_smg	928.229431 -2013.616577 65.093033	0.326 6.549 -87.297
mor_random_smg	1538.050293 -2010.223511 33.093533	0.308 6.177 -87.275
mor_random_smg	847.254456 -1711.115234 33.094959	0.257 6.168 -87.213
mor_random_smg	1046.279907 -1351.541260 64.520599	0.199 6.046 -87.159
mor_random_smg	1085.482910 -1112.468750 33.091125	0.213 1.333 -87.163
mor_random_smg	-132.527573 -297.527374 84.756081	0.985 5.296 -87.347
mor_random_smg	233.852844 232.239105 33.094357	0.279 6.176 -87.239
mor_random_smg	-816.004028 -499.895111 61.093662	0.304 6.551 -87.269
mor_random_smg	-839.659912 -824.995239 61.095242	0.247 6.531 -87.200
mor_random_smg	-943.657043 -590.494507 61.093365	0.314 6.550 -87.282
mor_random_smg	-634.294250 1137.563721 53.093273	0.317 6.549 -87.286
mor_random_smg	-644.361877 924.584839 53.092773	0.335 6.553 -87.308
mor_random_smg	519.236206 715.556030 64.539528	0.206 5.952 -87.368
mor_random_smg	-185.607452 1562.644287 33.092884	0.331 6.551 -87.304
mor_random_smg	2945.940674 -1673.817749 65.093895	0.295 6.552 -87.259
mor_random_smg	2794.783203 -1578.211792 65.094139	0.287 6.553 -87.248
mor_random_smg	3667.360840 1129.301270 33.094101	0.288 6.175 -87.250
mor_random_smg	2195.737305 981.829529 65.094894	0.260 6.171 -87.215
mor_random_smg	2758.119385 590.744324 64.517357	0.211 6.035 -87.178
mor_random_smg	2248.247314 1260.890381 41.093128	0.323 6.187 -87.293
mor_random_smg	2325.478027 953.147461 65.094353	0.279 6.176 -87.239
mor_random_smg	426.844055 1620.942505 61.234188	0.306 6.551 -87.273
mor_random_smg	1061.875244 2230.244629 225.093536	0.308 6.550 -87.275
mor_random_smg	1047.793823 -514.443054 65.094688	0.267 6.544 -87.224
mor_random_smg	1140.652710 -794.851501 33.094414	0.277 6.176 -87.236
mor_random_smg	2670.155762 -2919.671631 95.979179	-7.513 1.255 -1.832
mor_random_smg	2818.428467 -3085.669189 33.093491	0.310 6.176 -87.277
mor_random_smg	2838.794678 -1305.755493 64.374153	0.170 5.607 -86.339
mor_random_smg	-906.829529 -1600.675415 33.093697	0.302 6.174 -87.268
mor_random_smg	-501.801544 -2713.690186 31.459906	-7.413 0.865 -1.785
mor_random_smg	4895.715332 -143.861679 33.094170	0.286 6.175 -87.247
mor_random_smg	3248.363525 -387.050659 64.518372	0.217 5.515 -87.158
mor_random_smg	4094.519531 -401.303619 64.481339	0.636 4.087 -86.365
mor_random_smg	4301.387207 -665.560059 33.093231	0.319 6.550 -87.288
mor_random_smg	409.033173 921.581482 64.524727	0.206 5.525 -87.151
mor_random_smg	46.119766 608.956177 33.093815	0.298 6.174 -87.263
mor_random_smg	-557.798340 -202.083282 33.094666	0.268 6.544 -87.225
mor_random_smg	-267.131470 -1300.768311 33.093357	0.315 6.180 -87.283
mor_random_smg	-1344.911011 -1930.166626 33.104763	0.131 3.862 -87.295
mor_random_smg	2760.608643 -1005.540161 97.216194	0.310 6.176 -87.277
mor_random_smg	3048.317139 -1018.765991 225.089630	0.448 1.588 -87.447
mor_random_smg	405.060394 4608.448730 -191.500992	0.240 6.289 -87.229
mor_random_smg	761.556702 3286.741211 -223.013641	0.851 -15.525 -86.026
mor_random_smg	1927.095093 2860.480957 -222.948044	0.321 5.876 -87.168
mor_random_smg	1569.618286 2141.817871 -160.218124	-7.518 1.312 -1.811
mor_random_smg	1562.139893 2517.322998 -222.906693	0.316 6.184 -87.285
mor_random_smg	-645.308105 1060.502197 53.093666	0.304 6.551 -87.269
mor_random_smg	961.339417 -2141.438477 65.093132	0.322 6.549 -87.293
item_ammo_revolver_mor	3267.775635 -3998.251953 48.424438	-0.065 -0.020 -0.020
item_ammo_revolver_mor	3262.186035 -3979.781738 48.420620	-0.325 0.328 -0.528
item_ammo_revolver_mor	62.617661 1919.743286 255.889252	-0.010 -0.002 0.003
item_ammo_revolver_mor	75.493668 1919.862549 255.871323	0.108 -0.026 0.040
item_ammo_revolver_mor	2392.676270 320.055573 -223.671814	-0.149 -0.018 -0.045
item_ammo_revolver_mor	2379.134033 329.528442 -223.566116	-0.057 -0.020 -0.017
item_ammo_revolver_mor	2364.343506 378.825470 -223.657028	-0.136 -0.019 -0.041
item_ammo_revolver_mor	2335.153564 387.128204 -223.565155	-0.056 -0.020 -0.017
item_ammo_revolver_mor	-543.757080 1455.293457 96.754326	-0.001 -0.030 0.003
item_ammo_revolver_mor	-528.037964 1451.298462 96.623726	0.103 0.047 0.033
item_ammo_revolver_mor	2529.550049 588.567200 63.795662	0.192 0.006 -0.052
item_ammo_revolver_mor	3325.876709 -1357.339844 40.452911	-0.040 -0.020 -0.012
item_ammo_revolver_mor	3339.170410 -1358.533936 40.349880	-0.130 -0.019 -0.039
item_ammo_revolver_mor	3346.277588 1676.817993 32.454941	-0.038 -0.020 -0.012
item_ammo_revolver_mor	1044.592651 -652.070740 64.409676	-0.078 -0.020 -0.024
item_ammo_revolver_mor	1058.644409 -652.385803 64.345314	-0.134 -0.019 -0.041
item_ammo_revolver_mor	-921.172119 -458.779266 60.328430	0.034 0.028 0.005
item_ammo_revolver_mor	-897.357666 -438.598572 60.376591	0.024 0.031 0.003
item_ammo_revolver_mor	-1751.422607 -3365.538574 32.368805	-0.114 -0.019 -0.034
item_ammo_revolver_mor	-1732.526123 -3360.911621 32.417389	-0.071 -0.020 -0.022
item_ammo_revolver_mor	935.891846 -2240.653320 64.443604	0.294 -0.184 0.032
item_ammo_revolver_mor	758.633179 -2076.477539 64.322960	-0.154 -0.018 -0.046
item_ammo_revolver_mor	779.876038 -2083.304688 64.393570	-0.092 -0.020 -0.028
item_ammo_revolver_mor	2463.079102 949.200623 64.320290	-0.156 -0.017 -0.047
item_ammo_revolver_mor	2471.846680 946.625854 64.409676	-0.078 -0.020 -0.024
item_ammo_revolver_mor	1723.951172 3084.060791 -159.604858	-0.090 -0.020 -0.027
item_ammo_revolver_mor	534.088379 3978.666260 -223.625443	-0.108 -0.020 -0.033
item_ammo_revolver_mor	547.062744 3977.268799 -223.652390	-0.132 -0.019 -0.040
item_ammo_revolver_mor	3299.478516 -2850.549561 63.914310	-0.014 -0.008 -0.004
item_ammo_revolver_mor	3288.381104 -2857.728760 63.908195	0.002 -0.043 0.002
item_ammo_revolver_mor	3641.243652 -1040.736694 81.179230	0.078 0.013 -0.013
item_ammo_revolver_mor	3629.155273 -1042.757813 81.179314	0.092 0.021 -0.019
item_ammo_revolver_mor	3215.376465 -576.326233 63.894760	-0.339 -0.094 0.084
item_ammo_revolver_mor	3233.659668 -574.696838 63.876400	-0.407 -0.148 0.056
item_ammo_revolver_mor	2628.396240 -652.751709 64.385323	-0.099 -0.020 -0.030
item_ammo_revolver_mor	2600.955078 -653.695129 64.345306	-0.134 -0.019 -0.041
item_ammo_revolver_mor	-928.094849 -834.821838 60.345306	-0.134 -0.019 -0.041
item_ammo_revolver_mor	-911.741333 -830.763794 60.320282	-0.156 -0.017 -0.047
item_ammo_revolver_mor	-852.449158 1970.599365 32.376423	-0.107 -0.020 -0.032
item_ammo_revolver_mor	-873.598999 1967.565918 32.366825	-0.115 -0.019 -0.035
item_ammo_revolver_mor	-625.652100 1214.733276 52.330750	-0.147 -0.018 -0.044
item_ammo_revolver_mor	-639.450317 1215.687500 52.393570	-0.092 -0.020 -0.028
item_ammo_revolver_mor	2252.387695 543.589783 32.338196	-0.140 -0.019 -0.042
item_ammo_revolver_mor	2238.121582 564.659607 32.391972	-0.093 -0.020 -0.028
item_ammo_revolver_mor	-272.398132 -212.755753 32.381844	-0.102 -0.020 -0.031
item_ammo_revolver_mor	3330.248535 -1200.663696 40.415085	0.753 0.222 0.141
item_ammo_revolver_mor	3317.868408 -1202.774170 40.335754	-0.142 -0.019 -0.043
item_ammo_revolver_mor	-1214.055420 -187.223175 32.362778	-0.119 -0.019 -0.036
item_ammo_revolver_mor	229.871536 -1812.040649 32.434853	-0.056 -0.020 -0.017
item_ammo_revolver_mor	3092.263672 -555.477600 32.408318	-0.079 -0.020 -0.024
item_ammo_revolver_mor	2825.896729 -1019.225891 40.463306	-0.138 -0.019 -0.042
item_ammo_revolver_mor	2807.534180 -1017.759766 40.531715	0.527 0.143 0.181
item_ammo_revolver_mor	-780.778687 -2401.757080 63.920773	-1.045 0.086 0.230
item_ammo_revolver_mor	-794.788757 -2392.681152 63.893169	-1.112 0.056 0.227
item_ammo_revolver_mor	143.070541 2875.210938 -223.551407	-0.524 0.152 -0.486
item_ammo_revolver_mor	3797.967041 2888.824707 32.358608	-0.122 -0.019 -0.037
item_ammo_revolver_mor	3378.627441 2615.724609 32.364819	-0.117 -0.019 -0.035
item_ammo_revolver_mor	-1143.587524 -3859.942383 32.366825	-0.115 -0.019 -0.035
item_ammo_revolver_mor	-1073.415527 -3464.638916 32.356476	-0.124 -0.019 -0.038
item_ammo_revolver_mor	548.588989 4280.833984 -223.629257	-0.112 -0.020 -0.034
weapon_frag	2285.199951 2390.500000 34.000000	0.000 0.000 0.000
weapon_frag	-1007.194092 -1833.441040 34.104328	-37.430 -57.432 -90.618
weapon_frag	-818.747498 -1700.858887 65.478729	-38.192 -55.285 -89.784
weapon_frag	-945.024780 -1682.088257 65.662384	-38.170 -45.534 -93.412
weapon_frag	3487.292236 -3975.153320 50.124733	-36.190 -56.301 -90.686
weapon_frag	3472.557617 -3979.593018 50.148304	-36.550 -55.939 -91.247
weapon_frag	3465.093994 -3947.211426 50.171150	-36.899 -55.575 -91.799
weapon_frag	3437.964844 -3970.518555 50.117558	-36.080 -56.408 -90.517
weapon_frag	76.035568 2088.714355 257.949829	40.141 32.756 93.952
weapon_frag	54.961697 2120.659180 257.771790	12.326 17.576 93.536
weapon_frag	3633.092529 3661.175537 50.181973	-37.064 -55.400 -92.064
weapon_frag	388.930939 -2374.720703 146.188705	13.905 -32.540 -91.159
weapon_frag	397.945801 -2348.868896 144.770386	19.625 -11.610 -44.983
weapon_frag	2364.261230 968.929016 66.164749	-36.801 -55.678 -91.644
weapon_frag	1604.356079 992.732849 74.152145	-36.609 -55.876 -91.339
weapon_frag	1679.299805 142.249069 34.173458	-36.934 -49.051 -91.855
weapon_frag	2810.280273 988.084961 64.668182	20.888 -8.882 -31.492
weapon_frag	943.462097 2047.275269 38.120510	-36.126 -49.852 -90.587
weapon_frag	964.991699 2077.280762 38.215511	-37.576 -48.365 -92.898
weapon_frag	1191.688232 914.896362 34.109989	-35.965 -56.517 -90.340
weapon_frag	2441.604980 -749.694580 98.357803	-35.568 -56.121 -89.594
weapon_frag	2436.848877 -727.967041 98.389114	-36.028 -55.702 -90.314
weapon_frag	3087.759277 -3302.237793 34.090977	-35.674 -56.793 -89.898
weapon_frag	-1244.488403 -954.092224 33.935810	13.507 -31.525 -87.181
weapon_frag	-804.511047 -757.453186 62.161907	-36.758 -49.234 -91.575
weapon_frag	-540.452698 -165.697952 33.202648	12.152 7.856 -68.842
weapon_frag	-1246.390625 -45.608658 129.918777	-47.447 9.590 -115.756
weapon_frag	-1540.413208 -1952.558594 34.231155	-37.815 -54.566 -93.294
weapon_frag	3455.991699 -1749.609375 34.127655	-36.235 -49.748 -90.755
weapon_frag	3655.391357 -1775.103882 34.211918	-37.522 -48.424 -92.808
weapon_frag	3615.390381 -783.541077 34.102818	-35.855 -50.096 -90.173
weapon_frag	3316.379150 -148.600662 81.169174	-36.154 -56.336 -90.630
weapon_frag	3342.988525 -144.759979 76.029640	49.049 -68.270 -90.794
weapon_frag	-1248.266479 359.804749 34.177551	-36.997 -55.468 -91.956
weapon_frag	-271.654755 -1779.360352 34.545769	41.569 -43.732 -95.144
weapon_frag	-296.299011 -1761.528198 34.117634	-38.404 -11.468 -91.167
weapon_frag	2314.222656 -1711.167236 34.187531	-37.149 -55.310 -92.201
weapon_frag	3090.689941 -1094.846436 124.381462	-36.834 -50.109 -89.711
weapon_frag	3123.019775 -973.052612 226.110031	-35.965 -56.520 -90.341
weapon_frag	-934.651978 -1913.421021 34.075970	-35.445 -57.002 -89.554
weapon_frag	-1151.073975 -2610.401367 34.146049	-36.516 -55.975 -91.193
weapon_frag	280.598419 -235.224136 34.166458	-36.828 -55.652 -91.685
weapon_frag	1305.750000 166.362000 33.984871	-35.537 -50.183 -87.835
weapon_frag	-1455.903442 1218.732910 64.118690	-36.630 -55.130 -91.270
weapon_frag	-1451.491333 1231.380127 64.097450	-36.318 -55.435 -90.767
weapon_frag	-1437.030640 1219.843262 64.155128	-37.164 -54.583 -92.151
weapon_frag	3567.137207 1514.337769 34.079094	-35.493 -56.959 -89.625
weapon_frag	2293.923828 -311.071960 34.191463	-37.209 -55.239 -92.298
weapon_frag	2884.224609 -1004.593323 32.891571	21.871 -18.275 -47.141
weapon_frag	4625.728516 -1642.702881 98.446259	-36.869 -54.885 -91.667
weapon_frag	-1045.912842 -3443.155029 226.190216	-37.190 -48.793 -92.267
weapon_frag	-1213.650146 -3881.921875 98.331261	-35.178 -56.431 -88.994
weapon_frag	-1364.797485 -2584.220215 34.082111	-35.539 -56.913 -89.695
weapon_frag	-1318.320679 -2591.512939 34.119541	-36.111 -56.376 -90.564
weapon_frag	-1306.625732 -2625.764648 34.172939	-36.926 -55.546 -91.843
weapon_frag	-1526.213867 -2839.529785 34.085102	-35.585 -56.867 -89.763
weapon_frag	-1548.785156 -2812.258057 34.155880	-36.666 -55.817 -91.429
weapon_frag	-502.419525 -2209.418457 34.155888	-36.666 -55.818 -91.429
weapon_frag	-988.309387 -2357.874268 34.157711	-36.694 -55.788 -91.473
weapon_frag	1813.044678 1816.761475 498.234680	13.375 -27.891 -92.030
weapon_frag	1309.912354 1760.016968 498.162537	13.819 -27.597 -90.752
weapon_frag	1149.209473 2559.910645 498.262573	13.200 -28.005 -92.527
weapon_frag	1934.035156 2505.908447 496.834778	19.891 -18.027 -45.168
player_start	2060.525146 2953.722656 32.544975	-0.054 -0.000 0.054
player_start	2526.595703 2390.051025 32.542183	-0.070 -0.000 0.070
player_start	-96.879456 2406.442871 32.537663	-0.075 -0.000 0.075
player_start	-871.130981 2396.705811 32.524170	-0.092 -0.000 0.092
player_start	-684.862000 1371.075928 32.522186	-0.076 -0.000 0.076
player_start	-669.537170 1859.463745 32.522186	-0.076 -0.000 0.076
player_start	-1916.730347 1392.557129 32.559269	0.040 -0.000 0.040
player_start	-1720.569824 317.493744 32.567982	-0.031 -0.000 0.031
player_start	-1699.034058 -2157.256348 32.532055	-0.066 -0.000 0.066
player_start	-1198.288330 -2972.479004 32.578228	-0.026 -0.000 0.027
player_start	-922.088318 -3186.252441 32.539772	-0.059 -0.000 0.059
player_start	-1115.954346 -3754.407227 32.563347	-0.036 -0.000 0.036
player_start	-1611.908813 -3416.916260 32.531025	-0.067 -0.000 0.067
player_start	-1625.590454 -3454.930420 224.555435	-0.043 -0.000 0.043
player_start	-923.732239 -2597.912598 32.545795	-0.053 -0.000 0.053
player_start	-1134.425781 -1534.837646 32.531761	-0.082 -0.000 0.082
player_start	-790.891541 -2238.642822 32.547966	-0.063 -0.000 0.063
player_start	-765.502869 -2064.721924 32.546379	-0.065 -0.000 0.065
player_start	-1414.021484 -1533.128540 32.564278	-0.043 -0.000 0.043
player_start	-1432.919434 -1930.917847 32.555241	-0.054 -0.000 0.054
player_start	-625.486816 -1541.531982 32.555908	-0.053 -0.000 0.053
player_start	-177.529877 -1344.672729 32.528606	-0.086 -0.000 0.086
player_start	158.278778 -1721.018188 32.540413	-0.072 -0.000 0.072
player_start	10.582510 -2331.120117 32.539772	-0.059 -0.000 0.059
player_start	-556.062927 -2774.300537 32.526279	-0.007 -0.000 0.007
player_start	-431.045563 -2935.947510 32.569199	-0.003 -0.000 0.003
player_start	614.371460 -2011.808105 32.531765	-0.082 -0.000 0.082
player_start	578.428101 -2345.388916 32.551010	-0.059 -0.000 0.059
player_start	839.859619 -2407.495361 32.565334	-0.042 -0.000 0.042
player_start	1097.940430 -2398.678711 32.536716	-0.076 -0.000 0.076
player_start	1133.197998 -2077.482422 32.541306	-0.071 -0.000 0.071
player_start	1126.061035 -1839.217041 32.529675	-0.085 -0.000 0.085
player_start	1440.383667 -1860.996582 32.556564	-0.052 -0.000 0.052
player_start	915.468567 -1517.157593 32.566505	-0.033 -0.000 0.033
player_start	1247.775757 -575.311584 32.531765	-0.082 -0.000 0.082
player_start	1522.744141 -735.366882 32.553173	-0.056 -0.000 0.057
player_start	1416.378662 -6.360298 32.577660	-0.022 -0.000 0.021
player_start	1393.219849 902.583923 32.544140	-0.055 -0.000 0.055
player_start	833.129761 1372.398804 32.526737	-0.072 -0.000 0.072
player_start	1831.875122 1591.295776 32.531025	-0.067 -0.000 0.067
player_start	2484.177002 1635.832764 32.531025	-0.067 -0.000 0.067
player_start	2785.436035 1131.080322 32.535057	-0.063 -0.000 0.063
player_start	1950.374146 1104.809937 32.567497	-0.032 -0.000 0.032
player_start	1841.821899 788.764343 32.534489	-0.096 0.144 0.180
player_start	2376.340088 746.182617 32.533073	-0.065 -0.000 0.065
player_start	2758.144531 754.150085 32.523350	-0.075 -0.000 0.075
player_start	2586.389648 407.087189 32.528912	-0.069 -0.000 0.069
player_start	1981.082764 409.269623 32.529976	-0.068 -0.000 0.068
player_start	647.128174 7.767540 32.561653	-0.037 -0.000 0.037
player_start	202.412918 -200.534454 32.530727	-0.084 -0.000 0.084
player_start	-186.491562 214.209000 32.540417	-0.072 -0.000 0.072
player_start	-1066.586792 -160.026031 32.554756	-0.044 -0.000 0.044
player_start	-738.004578 -192.136459 32.513523	-0.085 -0.000 0.085
player_start	-719.487915 -457.735931 32.561073	-0.038 -0.000 0.038
player_start	-691.311768 -749.631409 32.518585	-0.080 -0.000 0.080
player_start	-1072.651001 -803.288818 32.551949	-0.047 -0.000 0.047
player_start	-1070.683228 -598.376343 32.526737	-0.072 -0.000 0.072
player_start	-1221.817627 435.916351 32.533791	-0.080 -0.000 0.080
player_start	-916.437073 420.510040 32.521851	-0.094 -0.000 0.095
player_start	-1391.183228 -89.385918 32.561653	-0.037 -0.000 0.037
player_start	-1354.677612 -713.845337 32.531025	-0.067 -0.000 0.067
player_start	-1329.970581 -517.341431 32.525627	-0.073 -0.000 0.073
player_start	-1413.734497 115.961685 32.532055	-0.066 -0.000 0.066
player_start	986.755859 -1134.444824 32.591476	-0.097 -0.002 -0.077
player_start	754.289063 -1193.838623 32.553173	-0.056 -0.000 0.057
player_start	407.769409 636.281555 32.565334	-0.042 -0.000 0.042
player_start	400.438293 837.416199 32.585457	-0.015 -0.000 0.020
player_start	407.003723 1055.385254 32.520664	-0.096 -0.000 0.096
player_start	1019.373535 2078.298584 224.531021	0.067 -0.000 -0.067
player_start	620.407837 1771.987305 32.538857	-0.060 -0.000 0.060
player_start	492.419403 2196.125732 224.547409	-0.051 -0.000 0.051
player_start	1048.766479 1752.512207 32.538857	-0.060 -0.000 0.060
player_start	567.403564 2058.861084 32.518585	-0.080 -0.000 0.080
player_start	1093.203979 2072.737793 32.556751	-0.042 -0.000 0.042
player_start	975.319092 2389.281982 32.536716	-0.076 -0.000 0.076
player_start	3212.113770 2909.961670 32.530727	-0.084 -0.000 0.084
player_start	2965.751221 2744.382813 32.542183	-0.070 -0.000 0.070
player_start	3500.787354 2103.932617 32.542431	-0.056 -0.000 0.056
player_start	3628.936035 2624.887695 32.541557	-0.057 -0.000 0.057
player_start	4193.722656 1620.014404 32.525307	-0.090 -0.000 0.090
player_start	3920.237061 1492.704346 32.527523	-0.088 -0.000 0.088
player_start	4197.305176 995.415894 32.536713	-0.076 -0.000 0.076
player_start	3888.187744 903.075806 32.554558	-0.055 -0.000 0.055
player_start	3156.734863 955.313538 32.520664	-0.096 -0.000 0.096
player_start	3699.932129 5.645670 32.537663	-0.075 -0.000 0.075
player_start	4564.810547 -5.521245 32.530727	-0.084 -0.000 0.084
player_start	4981.717285 -573.861755 32.537659	-0.075 -0.000 0.075
player_start	4968.756836 -2335.324219 32.557854	-0.051 -0.000 0.051
player_start	3875.103027 -2423.764404 32.572739	-0.033 -0.000 0.033
player_start	2438.340332 -2385.750000 32.544262	-0.038 0.010 0.190
player_start	2151.668945 -1863.157227 32.526424	-0.089 -0.000 0.089
player_start	2170.254883 -360.455658 32.553871	-0.056 -0.000 0.056
player_start	3296.134277 -3007.149658 32.556564	-0.052 -0.000 0.052
player_start	2804.835938 -3145.283203 32.560314	-0.048 -0.000 0.048
player_start	2429.661133 -1164.862427 32.566364	-0.040 -0.000 0.041
player_start	2925.012695 -1415.672119 32.541306	-0.071 -0.000 0.071
player_start	2477.144287 -1599.422607 32.547970	-0.063 -0.000 0.063
player_start	3009.030762 -992.394531 224.563736	0.044 -0.000 -0.044
player_start	2520.096924 -378.524933 32.555908	-0.053 -0.000 0.053
player_start	2870.936035 -429.460327 32.547180	-0.064 -0.000 0.064
player_start	2801.004883 -709.066956 224.536713	-0.076 -0.000 0.076
player_start	2375.479004 -701.691345 224.520645	0.096 0.000 0.096
player_start	2682.897949 -395.379669 32.542183	-0.070 -0.000 0.070
player_start	-21.648512 779.837341 32.552460	-0.057 -0.000 0.057
player_start	-416.534729 1757.913086 32.529976	-0.068 -0.000 0.068
player_start	-410.650909 2073.712646 32.527836	-0.071 -0.000 0.070
player_start	-259.340668 1922.098145 32.528912	-0.069 -0.000 0.069
player_start	3507.916016 -1234.963867 32.571606	-0.028 -0.000 0.028
player_start	3655.671143 -1396.046021 32.535057	-0.063 -0.000 0.063
player_start	3654.360352 -923.186523 32.556095	-0.043 -0.000 0.043
player_start	4600.020020 -975.436829 32.546608	-0.052 -0.000 0.052
player_start	4073.492188 -957.456116 32.528912	-0.069 -0.000 0.069
player_start	4202.811035 -1355.170044 32.514816	-0.083 -0.000 0.083
player_start	4362.375977 -1518.038696 32.550480	-0.048 -0.000 0.048
player_start	4633.918457 -1498.218750 32.568928	-0.030 -0.000 0.030
player_start	3925.751465 -295.185974 32.516094	-0.082 -0.000 0.082
player_start	4197.964355 -572.987732 32.537930	-0.061 -0.000 0.061
player_start	3661.572266 -395.415771 32.529976	-0.068 -0.000 0.068
player_start	3409.320801 -357.853851 32.570740	-0.029 -0.000 0.028
player_start	-1355.444336 1063.501221 32.560905	-0.047 -0.000 0.047
player_start	-807.724609 989.766724 32.554562	-0.055 -0.000 0.055
player_start	-1711.825317 854.747314 32.524498	-0.074 -0.000 0.074
player_start	-1331.964844 1782.288696 32.567356	-0.039 -0.000 0.039
player_start	-1894.709229 1638.282104 32.530727	-0.084 -0.000 0.084
player_start	-1902.181519 1852.884521 32.535755	-0.078 -0.000 0.078
player_start	5.055483 -2535.980957 32.522186	-0.076 -0.000 0.076
player_start	387.476593 4455.924805 -223.446136	-0.056 -0.000 0.056
player_start	851.958618 4495.533203 -223.435730	-0.043 -0.000 0.043
player_start	913.785034 3835.342529 -223.439682	-0.048 -0.000 0.048
player_start	349.427948 3861.614258 -223.451263	-0.062 -0.000 0.062
player_start	1268.272583 2990.997559 -223.467224	-0.081 -0.000 0.081
player_start	1704.261108 3190.314209 -223.455261	-0.067 -0.000 0.067
player_start	1870.074951 2918.614258 -223.463287	-0.076 -0.000 0.076
player_start	430.004333 2921.541016 -223.448990	-0.059 -0.000 0.059
player_start	36.829651 3001.091797 -223.448257	-0.058 -0.000 0.058
player_start	598.632019 3226.648926 -223.431671	-0.038 -0.000 0.038
player_start	1316.874512 2475.218018 -223.452026	-0.063 -0.000 0.063
player_start	1447.479492 2231.811523 -223.469269	-0.084 -0.000 0.084
player_start	2506.124268 -874.750000 -223.460419	0.247 0.057 -0.055
player_start	1737.289917 -881.712585 -223.471405	-0.086 -0.000 0.086
player_start	1899.473633 -742.470154 -223.457825	-0.070 -0.000 0.070
player_start	1801.736572 -221.045532 -223.449738	-0.060 -0.000 0.060
player_start	1467.772217 -362.415924 -223.476990	-0.093 -0.000 0.093
player_start	1771.743896 2915.750977 32.510876	-0.087 -0.000 0.087
player_start	-5.926393 2936.897705 32.574818	-0.025 -0.000 0.024
player_start	343.259552 2943.130615 32.536987	-0.062 -0.000 0.062
