# morbus weapon/ammo placement overrides - Thank TTT for this lua code
# For map: mor_isolation_cv1
# Exported by: Demonkush
setting:	replacespawns 1
weapon_mor_ump	-859.858521 796.273132 40.762688	-0.521 -18.448 88.749
weapon_mor_ump	91.740326 -151.027069 -239.217133	-0.570 -18.492 88.839
weapon_mor_ka47	719.012512 -1730.144897 33.457489	-0.823 -24.310 -84.729
weapon_mor_sc7	-67.917595 -808.659424 -174.714661	0.424 -4.825 87.000
mor_random_ammo	13.695801 -3451.799072 0.424389	1.523 -0.036 -1.848
mor_random_ammo	-128.802322 -3463.329834 0.459728	0.784 0.023 0.952
mor_random_ammo	-72.679268 -3472.694824 0.332826	0.047 0.000 -0.028
mor_random_ammo	-546.233337 681.135620 40.397755	-0.481 -0.003 0.529
mor_random_ammo	-536.124512 841.282715 40.344608	0.049 -0.000 0.019
mor_random_ammo	-856.650391 886.296570 40.415611	1.679 0.035 2.031
mor_random_ammo	-847.540222 895.364563 40.392860	0.827 -0.009 -0.952
mor_random_ammo	-865.559814 722.850708 40.330391	0.047 -0.000 0.029
mor_random_ammo	-833.225769 716.348999 40.439747	-0.160 0.175 -0.146
mor_random_ammo	210.412521 1194.403931 -31.648790	0.053 0.000 -0.011
mor_random_ammo	195.733246 1234.269531 -31.672140	0.047 0.000 -0.031
mor_random_ammo	196.408264 1207.272583 -31.653170	0.050 0.000 -0.017
mor_random_ammo	672.359131 -3425.888184 0.391738	-0.325 -0.002 0.338
mor_random_ammo	699.830261 -3425.074951 0.397801	-0.486 -0.003 0.536
mor_random_ammo	2376.019775 -2272.227295 112.440369	1.171 0.029 1.418
mor_random_ammo	1591.682129 -2123.453125 0.391692	0.612 -0.005 -0.690
mor_random_ammo	1575.247803 -2134.188965 0.353347	0.055 0.000 -0.007
mor_random_ammo	-357.143127 -4255.186035 16.380844	0.192 -0.001 -0.174
mor_random_ammo	-359.535950 -4299.677734 16.367281	0.083 -0.000 -0.035
mor_random_ammo	894.740112 -4385.248535 16.356339	-0.057 -0.000 -0.003
mor_random_ammo	966.132690 -4387.310547 16.343054	-0.048 -0.000 -0.021
mor_random_ammo	933.772766 -4364.094727 16.402000	-0.626 -0.005 0.708
mor_random_ammo	1236.229980 -4802.785645 4.369165	0.090 0.000 0.044
mor_random_ammo	1270.641357 -4835.535156 4.377724	0.151 -0.001 -0.123
mor_random_ammo	1266.656128 -4810.940430 4.351202	0.052 0.000 -0.011
mor_random_ammo	1246.217407 -4833.034180 4.320107	0.047 0.000 -0.034
mor_random_ammo	-717.163879 -3288.411621 -319.642487	0.060 0.000 0.001
mor_random_ammo	-752.336243 -3268.025146 -319.679901	0.047 0.000 -0.034
mor_random_ammo	-295.274628 -3178.583252 -175.536743	0.705 0.022 0.856
mor_random_ammo	-288.007141 -3204.095459 -175.648773	0.052 -0.000 0.011
mor_random_ammo	-299.534424 -3245.292969 -175.632706	0.084 -0.000 -0.035
mor_random_ammo	-1367.644409 -4738.821777 -151.637909	0.241 0.001 0.184
mor_random_ammo	-1366.834351 -4785.276855 -151.581299	1.551 -0.040 -1.872
mor_random_ammo	-1359.210205 -4760.550781 -151.682556	0.047 0.000 -0.035
mor_random_ammo	-1356.774536 -4717.648926 -151.641556	-0.060 -0.000 0.001
mor_random_ammo	-480.771240 -4382.174316 16.376200	0.132 0.000 0.099
mor_random_ammo	-700.505920 -4835.582031 0.327887	0.046 -0.000 0.031
mor_random_ammo	-745.854370 -4848.160645 0.443203	1.143 0.029 1.387
mor_random_ammo	-881.971436 -3659.139404 40.468224	0.181 0.001 0.162
mor_random_ammo	-121.052963 -3449.197510 64.363503	0.072 0.000 0.018
mor_random_ammo	-1383.069458 -1674.629761 16.376423	-0.124 -0.000 0.088
mor_random_ammo	-1384.382690 -1690.156738 16.344587	0.049 0.000 -0.019
mor_random_ammo	-1082.092529 -1361.687744 16.372747	0.111 0.000 0.071
mor_random_ammo	-247.078140 381.574066 -239.625488	0.121 0.000 0.084
mor_random_ammo	-309.464447 375.627289 -239.682526	0.047 0.000 -0.035
mor_random_ammo	-987.457886 -1740.247803 0.377831	0.152 0.001 0.123
mor_random_ammo	-991.953369 -1780.160156 0.317460	0.047 0.000 -0.035
mor_random_ammo	-986.850647 -1969.798828 0.394296	0.935 0.011 1.084
mor_random_ammo	-986.157349 -1912.218750 0.339995	0.047 0.000 -0.023
mor_random_ammo	-1381.528442 -573.927124 16.390249	0.472 0.003 0.519
mor_random_ammo	-1051.647949 -753.314148 16.441538	1.013 0.023 1.103
weapon_mor_r22	3047.687988 -1475.532104 1.595802	-1.296 -1.049 87.677
weapon_mor_r22	1488.816772 -2148.111084 1.615077	-1.279 -1.058 88.059
weapon_mor_r22	717.734985 -1574.062500 73.627495	-1.248 -5.051 88.374
weapon_mor_r22	-1168.339722 -524.393738 -174.385803	-1.280 -1.058 88.042
weapon_mor_r22	-672.642944 -403.716461 25.633333	-1.331 10.089 89.239
weapon_mor_r22	-596.987427 -3673.249756 129.603760	-1.289 -1.053 87.835
weapon_mor_vek	714.859985 -1635.213867 33.113029	0.340 -3.093 88.749
weapon_mor_vek	-1158.053589 -3771.105469 -142.895950	0.471 -3.091 88.619
weapon_mor_vek	-0.365840 -1160.717773 1.095912	0.590 -3.087 88.501
weapon_mor_uzi	-714.439392 -3676.396729 -141.962433	0.000 0.000 0.000
weapon_mor_uzi	206.479462 1095.616089 2.037560	0.000 0.000 0.000
weapon_mor_lz400	709.528320 -1685.480347 72.524750	-2.195 -7.827 85.736
weapon_mor_lz400	688.048035 438.452179 0.493094	-2.354 -18.119 85.785
item_ammo_smg1_mor	-58.481724 1420.907959 0.504019	-0.733 0.012 -0.554
item_ammo_smg1_mor	-28.542131 1422.848022 0.505339	-0.595 0.010 -0.457
item_ammo_smg1_mor	-834.597656 668.047119 40.455967	0.056 0.026 0.021
item_ammo_smg1_mor	-848.692932 692.264771 40.480770	0.215 0.001 0.022
item_ammo_smg1_mor	-541.278748 754.926331 40.426510	0.601 0.003 -0.391
item_ammo_smg1_mor	-563.200439 749.122253 40.505802	-0.594 0.011 -0.459
item_ammo_smg1_mor	-872.377380 808.878479 40.514984	-0.279 0.014 -0.239
item_ammo_smg1_mor	-853.247803 807.019287 40.557899	0.091 0.018 0.023
item_ammo_smg1_mor	-772.643066 673.870605 40.415756	-0.338 0.005 0.215
item_ammo_smg1_mor	-754.375916 678.295776 40.533283	0.159 -0.017 -0.139
item_ammo_smg1_mor	-654.066772 664.237915 40.406559	-0.214 0.005 0.132
item_ammo_smg1_mor	-669.287170 669.014465 40.389065	-0.098 0.005 0.054
item_ammo_smg1_mor	739.645813 -3242.930420 0.401744	0.170 -0.005 0.102
item_ammo_smg1_mor	766.655640 -3243.531738 0.504457	-0.662 0.011 -0.504
item_ammo_smg1_mor	1218.218018 -3927.499512 128.426514	0.600 -0.003 0.391
item_ammo_smg1_mor	1196.688477 -3924.050049 128.510132	-0.336 0.010 -0.277
item_ammo_smg1_mor	2324.475830 -4162.727051 80.413506	0.299 -0.005 0.189
item_ammo_smg1_mor	2296.480469 -4158.976563 80.531418	-0.169 0.017 -0.148
item_ammo_smg1_mor	2550.465088 -3029.466553 0.485593	-0.564 -0.020 -0.369
item_ammo_smg1_mor	2562.655518 -3033.332520 0.518438	-0.949 0.091 -0.326
item_ammo_smg1_mor	2625.098389 -2626.595703 112.389069	0.099 -0.005 0.054
item_ammo_smg1_mor	2597.293457 -2624.179688 112.520813	-0.225 0.015 -0.197
item_ammo_smg1_mor	3725.671631 -1850.248169 0.539732	-0.122 0.017 -0.106
item_ammo_smg1_mor	3740.229248 -1840.168335 0.499807	-0.840 0.011 -0.626
item_ammo_smg1_mor	3074.302002 -1447.788696 0.406554	0.213 -0.005 0.131
item_ammo_smg1_mor	3037.441650 -1455.023438 0.537488	-0.137 0.017 -0.119
item_ammo_smg1_mor	1500.639648 -2133.114258 0.396786	0.137 -0.005 0.080
item_ammo_smg1_mor	735.319641 -1618.007690 32.429626	0.567 -0.002 0.352
item_ammo_smg1_mor	713.464539 -1619.775391 32.523594	-0.215 0.015 -0.186
item_ammo_smg1_mor	731.980530 -1597.644897 72.420151	0.423 -0.004 0.272
item_ammo_smg1_mor	709.847961 -1592.797607 72.420151	0.423 -0.004 0.272
item_ammo_smg1_mor	-547.603027 -1551.815063 32.430595	0.758 -0.002 0.496
item_ammo_smg1_mor	363.160065 -4582.743652 0.484725	-0.795 0.003 -0.643
item_ammo_smg1_mor	-963.106445 -4592.270508 0.518843	-0.235 0.015 -0.206
item_ammo_smg1_mor	-1358.926147 -4759.826660 -199.582031	0.373 -0.005 0.239
item_ammo_smg1_mor	-1342.774780 -4759.627930 -199.582031	0.379 -0.005 0.243
item_ammo_smg1_mor	-738.009094 -4834.253418 -219.519272	0.214 0.001 0.022
item_ammo_smg1_mor	1508.304321 -4316.031738 16.430593	0.747 -0.002 0.489
item_ammo_smg1_mor	1483.609375 -4312.118652 16.507244	-0.433 0.011 -0.343
item_ammo_smg1_mor	727.289490 -4127.819824 4.380983	-0.071 0.005 0.035
item_ammo_smg1_mor	728.299316 -4155.537109 4.394250	0.122 -0.005 0.070
item_ammo_smg1_mor	1112.883179 -3862.868408 4.521696	-0.232 0.015 -0.196
item_ammo_smg1_mor	1102.905151 -3832.113525 4.548748	-0.077 0.018 -0.067
item_ammo_smg1_mor	-1187.920044 -3772.934570 -143.461746	0.132 -0.017 -0.116
item_ammo_smg1_mor	-1193.606323 -3941.717041 -303.479126	-0.237 0.015 -0.199
item_ammo_smg1_mor	-1173.988892 -3941.780029 -303.497375	-0.801 0.013 -0.600
item_ammo_smg1_mor	-840.084290 -3137.814941 -319.562958	1.106 0.002 0.729
item_ammo_smg1_mor	-852.013367 -3136.793213 -319.515686	0.661 -0.011 0.343
item_ammo_smg1_mor	-379.244049 -2369.542725 -175.610931	0.098 -0.005 0.053
item_ammo_smg1_mor	140.771942 -2098.089844 -175.495972	0.733 -0.011 -0.554
item_ammo_smg1_mor	741.044067 -1449.440186 -151.517288	-0.379 -0.001 -0.368
item_ammo_smg1_mor	724.158875 -1448.615601 -151.479218	-0.224 0.015 -0.196
item_ammo_smg1_mor	112.386086 -134.016861 -239.577682	-0.474 0.004 0.306
item_ammo_smg1_mor	95.206810 -131.098419 -239.603195	-0.137 0.005 0.080
item_ammo_smg1_mor	-1184.382446 -542.618896 -175.600708	-0.153 0.005 0.091
item_ammo_smg1_mor	-1164.677612 -544.686584 -175.499222	0.826 -0.011 -0.617
item_ammo_smg1_mor	-64.754578 -1214.625732 -175.598251	-0.170 0.005 0.102
item_ammo_smg1_mor	-379.851837 -1614.325684 -175.600708	0.153 -0.005 0.091
item_ammo_smg1_mor	-394.624268 -1622.053467 -175.584244	0.333 -0.005 0.212
item_ammo_smg1_mor	201.706238 -2193.155518 0.428566	0.674 -0.003 0.440
item_ammo_smg1_mor	181.677795 -2191.896240 0.537096	-0.139 0.017 -0.121
item_ammo_smg1_mor	1041.515869 -2447.005371 0.498847	0.852 -0.013 -0.636
item_ammo_smg1_mor	-951.782593 -2886.646240 17.536892	-0.076 0.955 7.454
item_ammo_smg1_mor	-943.925781 -2928.492920 16.401743	0.170 -0.005 0.102
item_ammo_smg1_mor	-19.435619 -1152.945801 0.468675	0.108 0.026 0.014
item_ammo_smg1_mor	-681.671936 -384.887146 24.401745	-0.170 0.005 0.103
item_ammo_smg1_mor	-665.734131 -382.624756 24.520739	0.244 -0.015 -0.209
item_ammo_smg1_mor	-213.555695 -414.478027 24.434568	0.948 -0.000 0.624
item_ammo_smg1_mor	-245.115356 -414.313446 24.383718	-0.079 0.005 0.040
item_ammo_smg1_mor	-1036.945190 -97.343895 0.476872	0.553 -0.084 0.248
item_ammo_smg1_mor	-1000.634705 -97.565468 0.391676	0.109 -0.005 0.061
item_ammo_smg1_mor	-316.511749 -4571.895020 0.506670	-0.531 0.010 -0.416
item_ammo_smg1_mor	-296.705505 -4596.315918 0.508736	-0.394 0.010 -0.317
item_ammo_smg1_mor	-895.159363 -4577.611816 -223.595825	-0.191 0.005 0.116
item_ammo_smg1_mor	934.329529 -438.444275 -175.465378	-0.152 0.017 -0.133
item_ammo_smg1_mor	294.611969 -1324.365479 -175.475403	-0.218 0.015 -0.184
item_ammo_smg1_mor	-1395.509277 -3891.288086 128.505798	-0.594 0.011 -0.459
item_ammo_smg1_mor	-1373.414673 -3885.539063 128.428558	0.675 -0.003 0.441
item_ammo_smg1_mor	568.232605 -4393.677246 0.504023	0.592 -0.011 -0.453
item_ammo_smg1_mor	585.636292 -4370.561523 0.413506	-0.300 0.005 0.190
item_ammo_smg1_mor	1595.068115 -3440.877686 128.504913	0.363 0.020 0.231
item_ammo_smg1_mor	1601.385010 -3460.663818 128.494186	0.337 0.012 0.213
item_ammo_smg1_mor	2092.618896 -925.570679 0.504445	-0.662 0.011 -0.502
item_ammo_smg1_mor	1098.255981 -587.423706 0.543640	0.102 -0.017 -0.089
item_ammo_smg1_mor	1188.011719 -1822.605469 -175.595825	0.190 -0.005 0.115
item_ammo_smg1_mor	-24.159048 -2109.178223 -991.610962	0.099 -0.005 0.054
item_ammo_smg1_mor	1489.202148 -1118.546265 -991.494202	-0.593 0.011 -0.459
item_ammo_smg1_mor	1071.877563 -97.059525 0.411223	0.266 -0.005 0.167
item_ammo_smg1_mor	1056.926147 -98.801285 0.394250	0.122 -0.005 0.069
item_ammo_smg1_mor	3558.567871 -2262.721436 0.504442	-0.530 0.010 -0.410
item_ammo_smg1_mor	3603.481689 -2271.126221 0.386410	0.088 -0.005 0.046
item_ammo_smg1_mor	704.379150 -3828.411377 0.424421	-0.536 0.004 0.348
item_ammo_smg1_mor	1142.304321 -320.127106 16.505081	0.280 0.584 0.526
item_ammo_smg1_mor	-1441.739624 -1843.445679 0.477023	0.552 -0.083 0.247
item_ammo_smg1_mor	-583.685547 -3629.092285 128.473953	-0.377 -0.079 -0.264
item_ammo_smg1_mor	-571.867737 -3648.631592 128.512482	0.486 0.071 0.672
mor_random_rifle	-44.828148 -3608.872803 0.861620	2.151 -5.703 83.926
mor_random_rifle	-549.248169 839.130310 40.860809	2.161 -5.706 83.933
mor_random_rifle	-855.613098 840.361023 40.864727	2.112 -5.691 83.895
mor_random_rifle	-858.641907 754.499878 40.866646	2.088 -5.687 83.876
mor_random_rifle	-623.388062 682.895508 40.975773	2.280 -6.535 84.989
mor_random_rifle	-696.257751 682.604492 40.863033	2.133 -5.697 83.912
mor_random_rifle	703.175110 695.500732 0.862120	2.145 -5.699 83.921
mor_random_rifle	312.675171 -2452.187500 1.001269	2.029 -5.928 84.829
mor_random_rifle	905.191833 -3647.803955 128.866135	2.094 -5.688 83.881
mor_random_rifle	2280.115967 -4084.616211 80.861877	2.148 -5.702 83.923
mor_random_rifle	3344.395508 -1792.101807 0.863550	2.127 -5.695 83.906
mor_random_rifle	1875.897339 -2112.381104 0.863842	2.123 -5.693 83.903
mor_random_rifle	-349.817200 -4165.355957 16.853678	2.251 -5.792 84.005
mor_random_rifle	-484.066956 -4284.849121 16.857409	2.204 -5.787 83.967
mor_random_rifle	1331.343506 -3647.834961 0.865822	2.098 -5.688 83.884
mor_random_rifle	1498.806274 -4128.330566 16.858858	2.186 -5.785 83.953
mor_random_rifle	1476.797241 -4798.660645 4.930237	2.085 3.731 84.899
mor_random_rifle	640.233154 -4809.051270 4.910502	1.964 -5.792 84.692
mor_random_rifle	971.894897 -4584.250977 88.849648	2.303 -5.805 84.039
mor_random_rifle	-1175.276855 -4029.858154 -303.138000	2.146 -5.699 83.922
mor_random_rifle	-1173.279663 -4000.326172 -303.136658	2.129 -5.695 83.908
mor_random_rifle	838.684998 -1509.787231 -239.136642	2.129 -5.695 83.908
mor_random_rifle	-189.495773 -2056.875244 0.864387	2.116 -5.692 83.898
mor_random_rifle	635.055115 -2445.515137 0.863033	2.133 -5.697 83.912
mor_random_rifle	-820.382935 -3014.423340 0.853172	2.258 -5.796 84.009
mor_random_rifle	-221.131332 -585.889771 24.862816	2.136 -5.697 83.914
mor_random_rifle	-224.145050 -544.043701 24.861223	2.156 -5.706 83.929
mor_random_rifle	-29.873215 -4821.503906 0.864388	2.116 -5.692 83.898
mor_random_rifle	613.357117 -2901.619141 -175.137527	2.140 -5.699 83.917
mor_random_rifle	963.416382 -2213.822266 -175.137299	2.137 -5.697 83.915
mor_random_rifle	-643.485291 -3452.392578 0.864642	2.113 -5.691 83.896
mor_random_rifle	856.492737 -4826.196777 0.864643	2.113 -5.691 83.896
mor_random_rifle	2123.086182 -2133.390381 0.862475	2.140 -5.699 83.917
mor_random_rifle	1721.088623 -658.847168 0.861620	2.151 -5.703 83.926
mor_random_rifle	-1294.331055 -1693.775146 -991.132080	2.072 -5.686 83.863
mor_random_rifle	1549.847290 -721.576355 -991.139343	2.163 -5.705 83.935
mor_random_rifle	-1005.961243 -2096.570557 0.863649	2.125 -5.693 83.905
mor_random_rifle	-1417.715454 -925.346619 0.866014	2.096 -5.688 83.882
mor_random_rifle	-101.300156 -4604.602539 -175.136642	2.129 -5.695 83.908
info_alien_spawn	4.000716 -1264.684814 449.517975	-0.071 0.000 0.071
info_alien_spawn	123.076820 -1340.577759 449.565735	-0.030 0.000 0.029
info_alien_spawn	188.555328 -1433.439209 449.555084	-0.039 -0.000 0.039
info_alien_spawn	231.488419 -1609.893677 449.564697	-0.031 -0.000 0.030
info_alien_spawn	190.216415 -1760.809570 449.534576	-0.057 0.000 0.057
info_alien_spawn	101.896286 -1858.069336 449.517975	-0.071 0.000 0.071
info_alien_spawn	-87.526566 -1917.780518 449.519196	-0.070 -0.000 0.070
info_alien_spawn	-248.314392 -1886.780029 449.553711	-0.040 -0.000 0.040
info_alien_spawn	-348.540527 -1770.599121 449.498688	-0.088 -0.000 0.088
info_alien_spawn	-385.766785 -1641.332764 449.543732	-0.049 -0.000 0.049
info_alien_spawn	-355.438843 -1504.002808 449.510193	-0.078 -0.000 0.078
info_alien_spawn	-276.894012 -1413.764893 449.508850	-0.079 -0.000 0.079
info_alien_spawn	-171.497025 -1376.547607 449.528381	-0.062 0.000 0.062
info_alien_spawn	-29.802904 -1426.744995 449.541992	-0.050 -0.000 0.050
info_alien_spawn	15.054976 -1481.318115 449.567749	-0.028 -0.000 0.027
info_alien_spawn	36.361366 -1594.814575 449.523926	-0.066 -0.000 0.066
info_alien_spawn	-5.387455 -1652.761719 449.517975	-0.071 0.000 0.071
info_alien_spawn	-110.004089 -1727.728149 449.573456	-0.024 0.000 0.022
info_alien_spawn	134.339539 -1524.771240 449.578003	0.001 3.102 0.070
info_alien_spawn	90.664383 -1728.477051 449.522766	-0.067 0.000 0.067
info_alien_spawn	-59.512142 -1816.652588 449.498688	-0.088 -0.000 0.088
info_alien_spawn	-206.198654 -1804.454102 449.514160	-0.075 -0.000 0.075
info_alien_spawn	-256.966919 -1672.046387 449.599792	0.000 -0.354 0.000
info_alien_spawn	-253.539993 -1586.192261 449.588104	0.179 -0.392 0.216
info_alien_spawn	-187.998795 -1513.369507 449.555084	-0.039 -0.000 0.039
info_alien_spawn	-102.725746 -1537.946533 449.598358	-0.005 -0.268 0.000
info_alien_spawn	-26.346184 -1541.999146 449.545380	-0.047 -0.000 0.047
info_alien_spawn	-136.885422 -1642.500732 449.528381	-0.062 0.000 0.062
info_alien_spawn	-182.694458 -1577.686401 449.535553	-0.056 0.000 0.056
info_alien_spawn	22.943283 -1779.001221 449.541107	-0.051 -0.000 0.051
info_alien_spawn	131.818939 -1660.642090 449.530518	-0.060 0.000 0.060
info_alien_spawn	109.787743 -1402.933228 449.515472	-0.073 -0.000 0.073
info_alien_spawn	-102.041557 -1305.620361 449.550842	-0.043 0.000 0.043
info_alien_spawn	-267.371887 -1329.053711 449.570221	0.162 -0.370 0.192
info_alien_spawn	-346.447174 -1442.049438 449.526184	-0.064 0.000 0.064
info_alien_spawn	-402.239044 -1578.892090 449.531555	-0.059 0.000 0.059
info_alien_spawn	-393.900574 -1715.389526 449.503174	-0.084 0.000 0.084
info_alien_spawn	-294.553528 -1831.750122 449.573059	-0.024 0.000 0.022
info_alien_spawn	-149.249847 -1903.571411 449.519196	-0.070 -0.000 0.070
info_alien_spawn	32.085682 -1903.028931 449.520416	-0.069 -0.000 0.069
info_alien_spawn	-123.278374 -1414.362183 449.526184	-0.064 0.000 0.064
info_alien_spawn	-281.963348 -1520.715576 449.498688	-0.088 -0.000 0.088
info_alien_spawn	-324.454559 -1631.515015 449.534576	-0.057 0.000 0.057
info_alien_spawn	-58.074848 -1666.593628 449.517975	-0.071 0.000 0.071
info_alien_spawn	-49.933315 -1583.272339 449.525055	-0.065 -0.000 0.065
info_alien_spawn	-80.080719 -1465.700073 449.539307	-0.053 0.000 0.053
info_alien_spawn	-210.778793 -1430.277832 449.507446	-0.080 -0.000 0.080
info_alien_spawn	-63.176891 -1234.835083 449.531555	-0.059 0.000 0.059
info_alien_spawn	-205.807571 -1267.702148 449.541107	-0.051 -0.000 0.051
info_alien_spawn	-304.820618 -1291.130249 449.560181	-0.035 0.000 0.034
info_alien_spawn	-384.707092 -1350.331055 449.512878	-0.076 0.000 0.076
info_alien_spawn	-219.959061 -1714.334229 449.521606	-0.068 -0.000 0.068
info_alien_spawn	187.644150 -1905.992432 449.523926	-0.066 -0.000 0.066
info_alien_spawn	308.037506 -1790.018555 449.512878	-0.076 0.000 0.076
info_alien_spawn	332.668762 -1672.990601 449.495575	-0.091 -0.000 0.091
info_alien_spawn	274.900970 -1517.178223 449.549347	-0.044 0.000 0.044
info_alien_spawn	37.456509 -1332.890991 449.527283	-0.063 0.000 0.063
mor_random_weapon	5.230097 -3433.583496 1.213571	1.722 4.703 -92.947
mor_random_weapon	23.873249 1279.099854 -30.800079	1.876 4.716 -92.595
mor_random_weapon	700.747620 -3452.973389 1.201358	1.860 4.715 -92.632
mor_random_weapon	2260.342285 -2600.052490 5.209310	1.770 4.927 -92.837
mor_random_weapon	717.082886 -1819.055786 73.145210	2.263 6.300 -91.447
mor_random_weapon	943.554565 -1467.674805 1.198438	1.893 4.717 -92.557
mor_random_weapon	-1434.726685 -4331.073242 17.223825	1.606 4.920 -93.213
mor_random_weapon	1473.235107 -4605.748535 101.190575	1.981 4.920 -92.354
mor_random_weapon	1462.363403 -4610.834473 193.224792	1.595 4.689 -93.238
mor_random_weapon	-943.984253 -2982.200928 17.235910	1.470 4.670 -93.526
mor_random_weapon	384.696106 -3130.324219 -174.803085	1.910 4.718 -92.517
mor_random_weapon	-1336.768799 -3435.942139 129.217041	1.683 4.700 -93.037
mor_random_weapon	2257.869873 -2187.251953 1.196907	1.910 4.718 -92.517
mor_random_weapon	2241.864014 -3122.588135 1.209712	1.766 4.708 -92.848
mor_random_weapon	-272.252747 215.393158 -234.764221	1.471 4.908 -93.523
item_ammo_battery_mor	176.396561 -3427.159912 70.032661	0.039 -0.082 0.314
item_ammo_battery_mor	3800.670410 -2129.920410 18.895849	-4.792 -0.107 0.226
item_ammo_battery_mor	712.953796 -1854.621460 78.042984	0.036 -0.087 0.296
item_ammo_battery_mor	713.347534 -1869.439087 78.027260	0.040 -0.083 0.324
item_ammo_battery_mor	997.263550 -4821.336914 134.575104	-0.007 -0.078 0.161
item_ammo_battery_mor	-1292.668457 -3686.809082 10.040533	0.023 -0.080 0.289
item_ammo_battery_mor	3349.422607 -1448.454224 6.086183	0.027 -0.094 0.219
item_ammo_battery_mor	3361.969971 -1474.830078 6.035299	0.038 -0.088 0.310
item_ammo_battery_mor	3128.993408 -2250.546631 6.059608	0.033 -0.093 0.266
item_ammo_battery_mor	456.558014 -1378.349365 6.088019	0.026 -0.094 0.216
item_ammo_battery_mor	716.938110 -1844.825928 78.115334	0.020 -0.096 0.167
item_ammo_battery_mor	-549.311829 -1639.626343 38.080505	0.028 -0.095 0.229
item_ammo_battery_mor	70.759506 -2208.830078 22.093363	0.025 -0.095 0.206
item_ammo_battery_mor	-1347.726685 -4617.911133 6.072525	0.030 -0.094 0.243
item_ammo_battery_mor	-1334.378906 -4640.934570 6.080506	0.028 -0.095 0.229
item_ammo_battery_mor	-1286.601440 -1760.994507 -369.868011	0.010 -0.088 0.132
item_ammo_battery_mor	-992.303589 -2035.210815 -369.906586	0.015 -0.087 0.198
item_ammo_battery_mor	-993.859985 -2080.604736 -369.935883	0.019 -0.085 0.249
item_ammo_battery_mor	-480.574982 -2944.027588 190.105820	0.006 -0.089 -0.187
item_ammo_battery_mor	-614.903198 215.417969 -233.923416	0.029 -0.094 0.236
item_ammo_battery_mor	547.290100 785.862854 6.055037	0.034 -0.090 0.274
item_ammo_battery_mor	-95.957619 -86.754204 6.111008	0.021 -0.095 0.174
item_ammo_battery_mor	-403.783295 -1917.707275 -921.939270	0.087 -0.390 0.972
item_ammo_battery_mor	-1285.798950 -1992.977417 -665.940369	0.033 -0.093 0.266
item_ammo_battery_mor	-550.542908 -3768.859619 -133.923096	0.004 -0.078 -0.228
item_ammo_battery_mor	3377.754883 -2123.640869 134.513809	-0.011 -0.070 0.253
item_ammo_battery_mor	2116.711182 -1491.597412 6.078556	0.029 -0.094 0.232
item_ammo_battery_mor	1041.193115 -3789.016846 86.262527	-0.010 -0.076 0.205
item_ammo_buckshot_mor	-543.122986 814.055359 40.454781	0.517 -0.011 0.427
item_ammo_buckshot_mor	-562.233154 815.653015 40.398487	1.054 0.029 0.869
item_ammo_buckshot_mor	2977.722412 -1707.887573 0.414368	-0.914 -0.021 0.721
item_ammo_buckshot_mor	2986.765869 -1712.651489 0.384757	-0.998 -0.010 0.895
item_ammo_buckshot_mor	1126.521729 -1672.061646 16.341045	0.524 0.003 -0.414
item_ammo_buckshot_mor	1126.195313 -1688.010010 16.410435	-0.806 -0.006 0.715
item_ammo_buckshot_mor	430.627472 -1819.180298 24.441391	-0.560 -0.007 0.497
item_ammo_buckshot_mor	449.026459 -1815.641235 24.398706	-0.923 -0.010 0.818
item_ammo_buckshot_mor	-356.656403 -4390.867676 16.414854	-0.770 -0.005 0.683
item_ammo_buckshot_mor	-951.050354 -4838.208008 4.376802	0.481 0.018 -0.303
item_ammo_buckshot_mor	-639.287476 -3034.078369 0.377869	0.298 0.003 -0.155
weapon_mor_beretta	713.131775 -1775.324585 33.539494	87.163 -9.997 -41.946
weapon_mor_beretta	1281.356323 -4823.212402 193.541565	86.979 -7.730 -39.686
weapon_mor_beretta	-416.300079 -262.526794 -238.460205	87.138 -9.658 -41.609
weapon_mor_beretta	653.737061 -563.357422 1.540721	87.055 -8.621 -40.574
weapon_mor_mars	2510.630371 -2008.308105 1.135594	-0.379 17.409 87.130
weapon_mor_mars	-759.915283 -683.059753 -174.922882	-0.459 25.699 85.746
weapon_mor_gr4	267.436249 -1843.903687 0.807088	-0.429 4.627 87.120
weapon_glowstick	172.391525 -3115.227539 34.949745	-0.686 0.793 -0.150
weapon_glowstick	179.910172 -3137.515625 34.945122	-0.707 0.765 -0.155
weapon_glowstick	166.113602 -3153.908691 34.993908	-0.484 0.854 -0.106
weapon_glowstick	184.864029 -3171.474121 34.978439	-0.555 0.832 -0.122
weapon_glowstick	179.213013 -3355.872314 34.997070	-0.470 0.860 -0.103
weapon_glowstick	178.690704 -3394.706299 35.008793	-0.416 0.866 -0.091
weapon_glowstick	175.759598 -3439.007568 35.014141	-0.392 0.870 -0.086
weapon_glowstick	80.213577 1424.229736 6.982061	-0.538 0.846 -0.118
weapon_glowstick	-550.223572 708.643311 46.972794	-0.581 0.834 -0.127
weapon_glowstick	-581.061218 712.256775 47.066574	0.283 -0.112 2.019
weapon_glowstick	-575.970581 683.945129 47.021584	-0.358 0.874 -0.078
weapon_glowstick	2278.784424 -4218.836426 86.978439	-0.555 0.832 -0.122
weapon_glowstick	2300.839111 -4225.626953 87.000137	-0.456 0.861 -0.100
weapon_glowstick	1783.002197 -4210.919922 54.982063	-0.538 0.846 -0.118
weapon_glowstick	2696.727539 -3565.888428 6.952002	-0.675 0.798 -0.148
weapon_glowstick	2703.586426 -1638.336426 7.013803	0.244 -0.906 0.332
weapon_glowstick	721.175476 -1564.300659 39.035553	-0.294 0.880 -0.064
weapon_glowstick	713.943604 -1572.522949 38.968884	-0.598 0.816 -0.131
weapon_glowstick	956.603943 -1362.685913 7.000134	-0.456 0.861 -0.100
weapon_glowstick	441.577881 -1834.195313 78.978035	-0.526 0.770 -0.105
weapon_glowstick	441.610657 -1816.819824 78.949257	-0.651 0.734 -0.129
weapon_glowstick	441.715485 -1776.421387 79.081940	0.733 0.014 0.523
weapon_glowstick	-548.372681 -1711.148438 38.942760	-0.717 0.766 -0.157
weapon_glowstick	293.386139 -4125.036133 6.997069	-0.470 0.860 -0.103
weapon_glowstick	-1353.638184 -4741.751953 7.001633	-0.449 0.861 -0.098
weapon_glowstick	-1336.962036 -4771.687012 6.968884	-0.598 0.816 -0.131
weapon_glowstick	-1443.550781 -4118.564453 22.953754	-0.631 0.738 -0.126
weapon_glowstick	-1437.203369 -4160.569336 22.953754	-0.631 0.738 -0.126
weapon_glowstick	1035.710327 -4592.478516 22.978037	-0.526 0.770 -0.105
weapon_glowstick	1062.671997 -4598.510742 22.953754	-0.631 0.738 -0.126
weapon_glowstick	605.489014 -4585.805664 198.930389	-0.774 0.733 -0.170
weapon_glowstick	604.775513 -4597.906738 198.983841	-0.530 0.845 -0.116
weapon_glowstick	-697.215820 -3818.861572 -137.037201	-0.626 0.818 -0.137
weapon_glowstick	-534.042786 -3799.436035 -133.042130	0.391 -0.762 0.527
weapon_glowstick	-999.320862 -4025.165771 -313.037140	1.213 0.032 1.155
weapon_glowstick	-155.638855 -2199.606934 22.964853	-0.617 0.816 -0.135
weapon_glowstick	-954.437561 -2735.150635 22.976093	0.350 -0.881 0.477
weapon_glowstick	-949.437378 -2758.738525 23.041481	2.276 0.053 1.641
weapon_glowstick	-633.688965 -396.592133 78.968452	-0.568 0.755 -0.113
weapon_glowstick	-646.145447 -384.002258 79.027031	-0.315 0.812 -0.063
weapon_glowstick	-209.108505 -446.636993 30.990652	-0.499 0.854 -0.109
weapon_glowstick	-231.514389 -463.694824 30.974703	-0.572 0.833 -0.125
weapon_glowstick	352.414642 -4839.433594 6.962792	-0.626 0.818 -0.137
weapon_glowstick	-1420.662231 -3633.433350 134.935440	-0.751 0.728 -0.165
weapon_glowstick	-556.236084 -4578.710449 6.964854	-0.617 0.816 -0.135
weapon_glowstick	1570.847290 -1559.138672 7.036039	2.512 0.062 1.811
weapon_glowstick	1498.877808 -1043.789673 -145.009354	-0.499 0.854 -0.109
weapon_glowstick	-1354.926392 -2204.099121 -953.033081	-0.607 0.816 -0.133
weapon_glowstick	1479.058105 -637.007568 -985.033142	-0.607 0.816 -0.133
weapon_glowstick	-1351.413208 -248.758530 22.992292	-0.492 0.854 -0.108
weapon_glowstick	474.805237 -2041.756348 -169.014420	-0.522 0.844 -0.115
weapon_glowstick	-705.615173 385.189392 -233.035675	0.383 -0.871 0.523
weapon_glowstick	1403.734863 -23.136036 7.056450	-0.199 0.884 -0.044
weapon_glowstick	-658.021179 -1145.610962 6.970852	-0.589 0.831 -0.129
weapon_glowstick	131.137634 -2890.723877 -170.991211	-0.416 0.866 -0.091
weapon_glowstick	172.443436 -2856.334229 -169.003448	0.284 -0.795 0.384
weapon_glowstick	-1294.233765 -2330.354004 -369.027618	-0.551 0.771 -0.110
weapon_glowstick	114.235382 -195.567215 7.003109	-0.442 0.861 -0.097
weapon_mor_zx9	2441.308105 -2007.618530 117.059700	-2.761 -0.949 0.298
weapon_mor_zx9	3287.214844 -2247.354736 105.022530	-2.802 -0.793 0.441
weapon_mor_zx9	229.827957 -4371.255371 9.033915	-2.789 -0.791 0.397
weapon_mor_zx9	-689.455566 864.347839 5.048599	-2.773 -0.951 0.341
weapon_mor_zx9	-912.677063 -3646.581299 245.017761	-2.807 -0.955 0.460
weapon_mor_zx9	-685.019775 45.653740 -234.993423	-2.819 -0.956 0.504
weapon_mor_m418	2.322316 -3275.271973 1.228704	1.540 -11.292 83.098
weapon_mor_blaster	180.436996 -3401.931152 64.859932	2.226 -18.489 -84.190
weapon_mor_blaster	1016.975647 -4838.290527 129.443909	1.916 -20.599 -85.941
weapon_mor_blaster	-1282.027344 -3679.642822 4.970787	2.153 -18.669 -85.529
weapon_mor_blaster	-1244.316162 -1756.818237 -375.029480	1.889 -18.765 -85.988
weapon_mor_blaster	-619.746643 189.640854 -239.174789	2.212 -18.358 -83.834
weapon_mor_blaster	3396.222412 -2138.538574 129.443832	1.846 -20.629 -86.063
weapon_mor_scarm8	-556.849548 799.894409 41.190174	0.581 9.312 83.577
weapon_mor_scarm8	2974.624512 -1740.421021 1.232784	0.417 9.320 84.451
weapon_mor_scarm8	1092.593140 -1679.024902 1.044784	-0.782 -8.948 -89.337
weapon_mor_scarm8	432.342896 -1832.903320 25.269798	-1.749 24.690 87.931
weapon_mor_scarm8	-930.948547 -4821.578613 5.215322	0.552 9.307 84.003
weapon_mor_scarm8	-607.963745 -3015.857910 1.263973	0.312 9.311 85.073
item_ammo_pistol_mor	186.449463 -3298.662109 28.368803	-0.114 -0.020 -0.034
item_ammo_pistol_mor	169.403351 -3303.589600 28.380064	-0.104 -0.020 -0.031
item_ammo_pistol_mor	176.660812 -3071.687744 28.405544	-0.081 -0.020 -0.025
item_ammo_pistol_mor	189.141754 -3066.242920 28.342976	-0.136 -0.019 -0.041
item_ammo_pistol_mor	53.352516 1427.329712 0.360709	-0.121 -0.019 -0.036
item_ammo_pistol_mor	68.057892 1424.700439 0.340605	-0.138 -0.019 -0.042
item_ammo_pistol_mor	-876.610596 931.349304 40.322964	-0.154 -0.018 -0.047
item_ammo_pistol_mor	-864.016296 928.593323 40.472916	-0.023 -0.020 -0.007
item_ammo_pistol_mor	-863.928284 975.877563 40.354309	-0.126 -0.019 -0.038
item_ammo_pistol_mor	-853.024597 970.538452 40.473682	-0.022 -0.020 -0.007
item_ammo_pistol_mor	106.273125 -762.781738 0.330753	-0.147 -0.018 -0.044
item_ammo_pistol_mor	96.911568 -753.730530 0.325599	-0.151 -0.018 -0.046
item_ammo_pistol_mor	2320.866699 -4307.544922 80.370758	-0.112 -0.020 -0.034
item_ammo_pistol_mor	2297.813232 -4316.338379 80.356476	-0.124 -0.019 -0.038
item_ammo_pistol_mor	2297.383545 -4286.039551 80.345314	-0.134 -0.019 -0.041
item_ammo_pistol_mor	2266.896484 -4298.360352 80.424438	-0.065 -0.020 -0.020
item_ammo_pistol_mor	3175.175781 -2254.625977 4.406942	-0.080 -0.020 -0.024
item_ammo_pistol_mor	1132.830933 -2037.231689 16.428112	-0.193 0.049 -0.087
item_ammo_pistol_mor	1124.666382 -2036.809937 16.443808	-0.048 -0.020 -0.015
item_ammo_pistol_mor	712.895081 -1798.587891 32.345100	-0.353 -0.010 -0.176
item_ammo_pistol_mor	-552.124695 -1681.812622 32.387024	-0.098 -0.020 -0.030
item_ammo_pistol_mor	-374.943512 -4834.886719 0.352110	-0.128 -0.019 -0.039
item_ammo_pistol_mor	-1007.877075 -4377.366211 16.349878	-0.130 -0.019 -0.039
item_ammo_pistol_mor	-1031.860840 -4381.531250 16.360708	-0.121 -0.019 -0.036
item_ammo_pistol_mor	1365.307617 -3378.326172 128.352112	-0.128 -0.019 -0.039
item_ammo_pistol_mor	570.719604 -4619.645508 4.388698	-0.096 -0.020 -0.029
item_ammo_pistol_mor	581.993896 -4618.380859 4.340605	-0.138 -0.019 -0.042
item_ammo_pistol_mor	927.453491 -4582.077637 16.347609	-0.132 -0.019 -0.040
item_ammo_pistol_mor	1258.195435 -4813.699219 192.463287	-0.031 -0.020 -0.009
item_ammo_pistol_mor	-715.906677 -3656.635986 -143.606430	-0.092 -0.020 -0.028
item_ammo_pistol_mor	-706.427917 -3659.685547 -143.608032	-0.093 -0.020 -0.028
item_ammo_pistol_mor	-1139.784302 -4033.376465 -319.568115	-0.058 -0.020 -0.018
item_ammo_pistol_mor	-1121.941406 -4031.790283 -319.657043	-0.136 -0.019 -0.041
item_ammo_pistol_mor	736.649292 -1450.570679 -103.586349	-0.249 0.236 -0.384
item_ammo_pistol_mor	736.013672 -1428.448242 -103.618156	-0.102 -0.020 -0.031
item_ammo_pistol_mor	-446.986755 -257.225433 -239.647888	-0.128 -0.019 -0.039
item_ammo_pistol_mor	-430.154083 -247.015640 -239.623566	-0.107 -0.020 -0.032
item_ammo_pistol_mor	-959.525757 -2830.842773 16.404127	-0.083 -0.020 -0.025
item_ammo_pistol_mor	-937.650513 -2812.173340 16.398232	-0.088 -0.020 -0.027
item_ammo_pistol_mor	-202.430237 -484.580078 24.374561	-0.108 -0.020 -0.033
item_ammo_pistol_mor	-243.029968 -486.673157 24.381844	-0.102 -0.020 -0.031
item_ammo_pistol_mor	627.179016 -578.702820 0.347612	-0.132 -0.019 -0.040
item_ammo_pistol_mor	-591.750916 -4858.496582 -223.629257	-0.112 -0.020 -0.034
item_ammo_pistol_mor	-606.397766 -4847.289551 -223.587677	-0.075 -0.020 -0.023
item_ammo_pistol_mor	670.901123 -3378.283447 -175.657013	-0.136 -0.019 -0.041
item_ammo_pistol_mor	647.620850 -3396.988525 -175.633163	-0.115 -0.019 -0.035
item_ammo_pistol_mor	-1154.680786 -3642.968506 128.387024	-0.098 -0.020 -0.030
item_ammo_pistol_mor	-1151.369263 -3666.347412 128.393570	-0.092 -0.020 -0.028
item_ammo_pistol_mor	1944.538208 -3640.987305 48.345314	-0.134 -0.019 -0.041
item_ammo_pistol_mor	1466.346313 -1045.428589 0.374562	-0.108 -0.020 -0.033
item_ammo_pistol_mor	1724.930298 -987.427612 0.432895	-0.058 -0.020 -0.017
item_ammo_pistol_mor	-175.882980 -1042.798218 -175.585098	-0.073 -0.020 -0.022
item_ammo_pistol_mor	1553.370850 -1712.877686 0.408717	-0.061 0.002 0.043
item_ammo_pistol_mor	-1474.703003 -1581.818481 0.325599	-0.151 -0.018 -0.046
item_ammo_pistol_mor	-1028.135986 -590.898621 0.345311	-0.134 -0.019 -0.041
item_ammo_pistol_mor	-1029.641357 -564.916687 0.366826	-0.115 -0.019 -0.035
item_ammo_pistol_mor	493.514679 -220.688736 0.450788	-0.042 -0.020 -0.013
item_ammo_pistol_mor	-238.328751 97.877220 0.453598	-0.039 -0.020 -0.012
item_ammo_pistol_mor	-226.676941 97.216934 0.352111	-0.128 -0.019 -0.039
item_ammo_pistol_mor	-155.837784 -3892.990234 0.402686	-0.084 -0.020 -0.025
item_ammo_pistol_mor	-134.327637 -3896.661621 0.368804	-0.114 -0.020 -0.034
item_ammo_pistol_mor	235.264481 1070.646118 0.374561	-0.108 -0.020 -0.033
item_ammo_pistol_mor	218.969833 1071.262817 0.374561	-0.108 -0.020 -0.033
weapon_mor_m20	720.230286 -1776.947388 74.680763	3.680 -2.465 -83.711
weapon_mor_m20	-798.748535 -1879.132202 2.698201	3.612 -11.171 -84.061
weapon_mor_m20	-99.251801 -483.754028 2.698202	3.612 -11.171 -84.061
weapon_mor_medkit	-172.123352 -3433.148926 28.480425	-0.875 -0.264 0.028
weapon_mor_medkit	-168.237228 -3385.641846 28.451998	-1.403 -1.533 0.143
weapon_mor_medkit	-171.843033 -3331.060547 28.477541	-0.943 -0.246 0.019
weapon_mor_medkit	-172.528091 -3269.008545 28.482058	-0.837 -0.269 0.034
weapon_mor_medkit	-171.982727 -3216.831299 28.481741	-0.844 -0.270 0.033
weapon_mor_medkit	-171.297058 -3159.656982 28.482677	-0.822 -0.269 0.036
weapon_mor_medkit	-170.840088 -3107.355957 28.490973	-0.627 -0.284 0.061
weapon_mor_medkit	-170.338272 -3052.704834 28.478294	-0.925 -0.258 0.022
weapon_mor_medkit	-847.197388 994.676331 40.482372	-0.829 -0.270 0.035
weapon_mor_medkit	-831.593323 1014.257690 40.466324	-1.373 -3.114 -0.145
weapon_mor_medkit	2271.630127 -4140.111816 80.483574	-0.801 -0.273 0.038
weapon_mor_medkit	1786.864014 -4182.157715 48.485249	-0.762 -0.277 0.044
weapon_mor_medkit	716.200989 -1826.196045 32.480762	-0.867 -0.264 0.030
weapon_mor_medkit	797.083191 -1480.468506 0.479025	-0.908 -0.257 0.024
weapon_mor_medkit	-535.254639 -1709.275757 32.486027	-0.743 -0.279 0.046
weapon_mor_medkit	671.796143 -3642.271484 0.477920	-0.934 -0.246 0.021
weapon_mor_medkit	548.878845 -4609.097168 100.477974	-0.869 0.587 0.071
weapon_mor_medkit	567.598938 -4615.738281 100.483322	-0.757 0.583 0.077
weapon_mor_medkit	588.166321 -4594.964844 100.465431	-1.131 0.608 0.057
weapon_mor_medkit	-568.959595 -3797.399414 -139.541336	-1.273 0.649 0.049
weapon_mor_medkit	121.187424 -2105.638916 16.467035	-1.087 -0.114 0.067
weapon_mor_medkit	-938.946777 -2731.389648 16.490791	-0.631 -0.284 0.061
weapon_mor_medkit	-686.116394 -392.339508 72.483322	-0.757 0.583 0.077
weapon_mor_medkit	-670.858826 -392.928864 72.475616	-0.918 0.589 0.068
weapon_mor_medkit	-710.830139 -526.943909 0.479438	-0.838 0.585 0.072
weapon_mor_medkit	-886.879517 -3558.053711 0.488607	-0.683 -0.282 0.054
weapon_mor_medkit	-3776.811279 -1612.817749 -991.548035	-1.334 1.599 0.104
weapon_mor_medkit	-1245.025269 -2327.246338 -375.538727	-1.219 0.631 0.052
mor_random_pistol	180.973892 -3327.708740 28.886776	2.211 -21.512 -84.508
mor_random_pistol	186.245117 -3100.675049 28.858240	2.225 -18.487 -84.173
mor_random_pistol	25.704735 1417.748657 0.886383	2.236 -18.492 -84.461
mor_random_pistol	-881.199951 901.917725 40.878357	2.233 -18.491 -84.379
mor_random_pistol	-872.805237 946.142883 40.910305	2.245 -18.496 -84.707
mor_random_pistol	-847.263672 923.611572 40.868019	2.229 -18.489 -84.273
mor_random_pistol	110.455750 -789.223267 0.935204	2.254 -18.503 -84.962
mor_random_pistol	2283.177490 -4232.107422 80.931816	2.253 -18.502 -84.927
mor_random_pistol	2309.420898 -4255.753418 80.831665	2.215 -18.398 -83.900
mor_random_pistol	2281.272461 -4271.443359 80.829536	2.214 -18.387 -83.878
mor_random_pistol	3190.563965 -2247.701904 4.970614	1.996 -18.733 -85.802
mor_random_pistol	1593.630615 -2145.106445 0.843748	2.219 -18.440 -84.024
mor_random_pistol	722.221375 -1669.668823 32.885094	2.235 -18.491 -84.448
mor_random_pistol	729.450256 -1690.002686 32.921864	2.249 -18.499 -84.825
mor_random_pistol	445.389069 -1800.685669 24.970606	1.988 -18.745 -85.816
mor_random_pistol	431.520081 -1776.554443 24.970633	2.012 -18.732 -85.774
mor_random_pistol	-552.032043 -1574.594604 32.837837	2.217 -18.399 -83.963
mor_random_pistol	-565.780273 -1597.770630 32.911209	2.245 -18.496 -84.716
mor_random_pistol	-554.602173 -1618.635010 32.878353	2.233 -18.491 -84.379
mor_random_pistol	-575.543701 -1657.811523 32.827381	2.213 -18.357 -83.856
mor_random_pistol	-343.791046 -4848.857910 0.898247	2.240 -18.493 -84.583
mor_random_pistol	-1361.754150 -4729.671387 -199.029495	1.900 -18.795 -85.968
mor_random_pistol	-1346.747559 -4719.749023 -199.029129	2.240 -21.807 -85.378
mor_random_pistol	-913.894958 -4380.832031 16.970579	1.966 -18.759 -85.854
mor_random_pistol	-950.026245 -4393.164551 16.970736	2.105 -18.686 -85.612
mor_random_pistol	1374.830566 -3412.982666 128.858246	2.225 -18.487 -84.173
mor_random_pistol	539.516785 -4616.167969 4.970558	1.947 -18.775 -85.887
mor_random_pistol	554.038635 -4598.221680 4.970741	2.110 -18.682 -85.603
mor_random_pistol	890.306824 -4588.248535 16.970701	2.073 -18.698 -85.668
mor_random_pistol	-1166.741333 -3985.365479 -303.162170	2.217 -18.398 -83.964
mor_random_pistol	-1189.104492 -3966.659180 -303.113617	2.236 -18.492 -84.461
mor_random_pistol	-1163.090820 -3950.540771 -303.160156	2.218 -18.429 -83.984
mor_random_pistol	734.645569 -1392.029175 -103.029327	2.048 -18.713 -85.711
mor_random_pistol	738.221191 -1406.858521 -103.029472	1.917 -18.794 -85.940
mor_random_pistol	740.120422 -1425.887451 -151.126923	3.342 -22.536 -83.885
mor_random_pistol	721.848145 -1416.229736 -151.029282	2.087 -18.692 -85.643
mor_random_pistol	-892.957397 -1070.441040 -175.071899	2.252 -18.501 -84.889
mor_random_pistol	-921.727539 -1050.654663 -175.124481	2.232 -18.490 -84.350
mor_random_pistol	-1101.681152 -2457.569580 0.845662	2.220 -18.437 -84.044
mor_random_pistol	-1031.983521 -2454.278564 0.868014	2.229 -18.489 -84.273
mor_random_pistol	-939.845703 -2841.291992 16.831663	2.215 -18.398 -83.900
mor_random_pistol	-958.456299 -2819.160156 16.913858	2.246 -18.496 -84.743
mor_random_pistol	-960.390869 -2781.988525 16.899334	2.241 -18.493 -84.594
mor_random_pistol	-938.367371 -2783.281006 16.828440	2.159 -21.488 -83.945
mor_random_pistol	-207.770691 -469.783112 24.851213	2.222 -18.469 -84.101
mor_random_pistol	-230.210648 -489.457001 24.822979	2.211 -18.361 -83.811
mor_random_pistol	1496.999390 -4217.161133 16.970573	1.961 -18.760 -85.862
mor_random_pistol	539.814819 -4846.201172 65.251640	1.826 -20.647 -86.097
mor_random_pistol	-525.452820 -4589.661133 -223.162155	2.217 -18.398 -83.963
mor_random_pistol	-498.117889 -4589.028809 -223.162155	2.217 -18.398 -83.963
mor_random_pistol	647.010620 -3336.866699 -175.029434	1.957 -18.760 -85.870
mor_random_pistol	604.955627 -3392.617188 -175.103851	2.242 -18.464 -84.557
mor_random_pistol	613.273071 -3351.940674 -175.136749	2.227 -18.490 -84.224
mor_random_pistol	-1230.262939 -3622.766357 128.835815	2.216 -18.398 -83.943
mor_random_pistol	-1186.643677 -3629.005615 128.945297	2.258 -18.507 -85.066
mor_random_pistol	-1190.028320 -3676.881592 128.841812	2.219 -18.436 -84.004
mor_random_pistol	1940.906982 -3667.683838 48.822983	2.211 -18.361 -83.811
mor_random_pistol	1494.766602 -1008.614624 0.893714	2.238 -18.492 -84.536
mor_random_pistol	1491.789429 -1049.642578 0.879742	2.233 -18.491 -84.393
mor_random_pistol	1707.502563 -965.761963 0.833753	2.215 -18.401 -83.921
mor_random_pistol	-204.538498 -1051.815308 -175.154343	2.220 -18.437 -84.044
mor_random_pistol	1550.733887 -1695.268188 0.865998	2.353 -22.393 -84.172
mor_random_pistol	-1461.682129 -1576.810913 0.900407	2.241 -18.493 -84.605
mor_random_pistol	-1051.017944 -587.972046 16.843742	2.219 -18.440 -84.024
mor_random_pistol	508.597351 -234.992020 0.893715	2.238 -18.492 -84.536
mor_random_pistol	-290.126099 87.263985 0.888898	2.237 -18.491 -84.487
mor_random_smg	-87.560219 1416.416260 1.093851	0.297 6.174 -87.261
mor_random_smg	-807.758545 678.446167 41.093739	0.301 6.174 -87.266
mor_random_smg	-553.746887 769.859131 41.093269	0.318 6.183 -87.287
mor_random_smg	759.309631 -3233.882324 1.093266	0.318 6.183 -87.287
mor_random_smg	1203.695313 -3905.708740 129.094193	0.284 6.176 -87.246
mor_random_smg	2305.408203 -4136.371094 81.093658	0.304 6.174 -87.270
mor_random_smg	2565.798340 -3061.675293 1.093997	0.292 6.175 -87.255
mor_random_smg	2602.467285 -2599.036865 113.093575	0.307 6.174 -87.273
mor_random_smg	3727.303223 -1874.771118 1.094959	0.257 6.168 -87.213
mor_random_smg	-567.484558 -1539.294556 33.093220	0.319 6.183 -87.289
mor_random_smg	333.533844 -4591.967285 1.094295	0.281 6.176 -87.242
mor_random_smg	-1002.715698 -4578.579102 1.094356	0.279 6.176 -87.239
mor_random_smg	-1352.979492 -4785.480957 -198.906815	0.321 6.549 -87.290
mor_random_smg	-724.499573 -4817.304199 -218.907059	0.330 6.549 -87.301
mor_random_smg	1502.801392 -4286.987793 17.094334	0.280 6.549 -87.240
mor_random_smg	697.264587 -4146.208984 5.093182	0.321 6.549 -87.290
mor_random_smg	1133.683228 -3839.439697 5.092830	0.333 6.554 -87.306
mor_random_smg	-1181.573853 -3929.757813 -302.929626	0.206 5.127 -86.999
mor_random_smg	-845.375488 -3120.370605 -318.905670	0.279 6.176 -87.239
mor_random_smg	-385.076202 -2342.147949 -174.905731	0.282 6.176 -87.243
mor_random_smg	185.381638 -2101.918457 -174.906601	0.313 6.175 -87.281
mor_random_smg	731.375244 -1391.755371 -150.898315	0.338 1.735 -87.654
mor_random_smg	-33.331562 -1224.796631 -174.905960	0.290 6.175 -87.253
mor_random_smg	-384.427734 -1600.720337 -174.919373	0.311 6.127 -87.205
mor_random_smg	191.871078 -2230.273193 1.094326	0.280 6.176 -87.240
mor_random_smg	949.234009 -2449.838135 1.094168	0.286 6.175 -87.247
mor_random_smg	-946.512817 -2881.962402 17.042604	0.200 5.790 -86.922
mor_random_smg	-947.889099 -2910.563477 16.970415	0.313 10.364 -86.590
mor_random_smg	-234.992599 -393.508240 25.093128	0.323 6.187 -87.293
mor_random_smg	-965.676331 -105.298119 1.093615	0.305 6.174 -87.272
mor_random_smg	1064.625244 -4385.334961 17.093822	0.298 6.552 -87.262
mor_random_smg	-359.672211 -4593.933594 1.093962	0.293 6.174 -87.256
mor_random_smg	-949.107117 -4580.856934 -222.905807	0.284 6.176 -87.246
mor_random_smg	890.256470 -410.840698 -174.906509	0.310 6.176 -87.277
mor_random_smg	302.620605 -1355.686768 -174.906113	0.296 6.174 -87.260
mor_random_smg	-1356.236206 -3916.091064 129.093689	0.302 6.174 -87.268
mor_random_smg	605.393555 -4395.826660 1.094101	0.288 6.175 -87.250
mor_random_smg	1643.668579 -3461.862549 129.094467	0.275 6.177 -87.234
mor_random_smg	2113.147461 -949.817688 1.093852	0.297 6.174 -87.261
mor_random_smg	1689.081909 -1185.652832 1.093489	0.310 6.176 -87.277
mor_random_smg	1096.051636 -564.432373 1.094200	0.284 6.176 -87.246
mor_random_smg	1194.630371 -1848.241699 -174.905472	0.273 6.177 -87.231
mor_random_smg	11.153872 -2097.242920 -990.905273	0.265 6.174 -87.222
mor_random_smg	1519.607788 -1121.855225 -990.905945	0.289 6.175 -87.252
mor_random_smg	1105.698608 -95.939522 1.094233	0.283 6.176 -87.244
mor_random_smg	3589.883545 -2249.297363 1.094555	0.272 6.177 -87.230
mor_random_smg	728.610657 -3866.524902 1.095040	0.255 6.166 -87.209
mor_random_smg	-1441.080078 -1887.362671 1.093080	0.325 6.192 -87.295
item_ammo_revolver_mor	-4.547101 -3259.980225 0.328195	-0.149 -0.018 -0.045
item_ammo_revolver_mor	4.926953 -3258.872314 0.396704	-0.089 -0.020 -0.027
item_ammo_revolver_mor	-41.766724 -3589.098145 0.335753	-0.142 -0.019 -0.043
item_ammo_revolver_mor	-56.637115 -3588.499268 0.366826	-0.115 -0.019 -0.035
item_ammo_revolver_mor	-533.117554 867.020081 40.366829	0.115 0.019 -0.035
item_ammo_revolver_mor	-558.871277 858.556702 40.364819	-0.117 -0.019 -0.035
item_ammo_revolver_mor	-874.591553 862.919128 40.380066	-0.104 -0.020 -0.031
item_ammo_revolver_mor	-851.955139 859.729004 40.391975	-0.093 -0.020 -0.028
item_ammo_revolver_mor	-877.193359 771.370544 40.391975	-0.093 -0.020 -0.028
item_ammo_revolver_mor	-849.238159 768.000427 40.372673	-0.110 -0.020 -0.033
item_ammo_revolver_mor	-598.887390 684.085571 40.322964	-0.154 -0.018 -0.047
item_ammo_revolver_mor	-610.754333 690.623779 40.413620	-0.074 -0.020 -0.023
item_ammo_revolver_mor	-723.608459 671.473145 40.349880	-0.130 -0.019 -0.039
item_ammo_revolver_mor	-736.273560 676.794434 40.385323	-0.099 -0.020 -0.030
item_ammo_revolver_mor	713.043396 670.384399 0.366826	-0.115 -0.019 -0.035
item_ammo_revolver_mor	689.737122 670.572754 0.411009	-0.077 -0.020 -0.023
item_ammo_revolver_mor	334.673340 -2441.512207 0.360709	-0.121 -0.019 -0.036
item_ammo_revolver_mor	353.012665 -2444.583008 0.422160	-0.067 -0.020 -0.020
item_ammo_revolver_mor	896.544556 -3628.553223 128.370743	-0.112 -0.020 -0.034
item_ammo_revolver_mor	883.578369 -3628.480713 128.358612	-0.122 -0.019 -0.037
item_ammo_revolver_mor	2286.757324 -4061.819824 80.425552	-0.064 -0.020 -0.019
item_ammo_revolver_mor	2264.811523 -4062.057373 80.380066	-0.104 -0.020 -0.031
item_ammo_revolver_mor	2518.013672 -1981.661255 0.459333	-0.034 -0.020 -0.010
item_ammo_revolver_mor	2484.645264 -1985.479736 0.352111	-0.128 -0.019 -0.039
item_ammo_revolver_mor	3328.406006 -1763.825317 0.340604	-0.138 -0.019 -0.042
item_ammo_revolver_mor	3345.399902 -1765.065430 0.342976	-0.136 -0.019 -0.041
item_ammo_revolver_mor	1884.504639 -2137.556885 0.411009	-0.077 -0.020 -0.023
item_ammo_revolver_mor	1867.514771 -2138.672852 0.396704	-0.089 -0.020 -0.027
item_ammo_revolver_mor	731.330078 -1748.766846 32.419811	-0.069 -0.020 -0.021
item_ammo_revolver_mor	715.734924 -1747.840454 32.340603	-0.138 -0.019 -0.042
item_ammo_revolver_mor	-359.225891 -4143.970703 16.338198	-0.140 -0.019 -0.042
item_ammo_revolver_mor	-335.870758 -4144.231934 16.376423	-0.107 -0.019 -0.032
item_ammo_revolver_mor	-473.086212 -4308.448242 16.349878	-0.130 -0.019 -0.039
item_ammo_revolver_mor	-494.029297 -4314.858887 16.333273	-0.145 -0.018 -0.044
item_ammo_revolver_mor	1370.271362 -3654.535400 0.398233	-0.088 -0.020 -0.027
item_ammo_revolver_mor	1346.139893 -3684.730957 0.360709	-0.121 -0.019 -0.036
item_ammo_revolver_mor	1503.421753 -4155.549805 16.325600	-0.151 -0.018 -0.046
item_ammo_revolver_mor	1491.966919 -4155.715820 16.378258	-0.105 -0.020 -0.032
item_ammo_revolver_mor	1483.214111 -4828.382324 4.352111	-0.128 -0.019 -0.039
item_ammo_revolver_mor	647.352478 -4829.986816 4.457858	-0.235 0.125 -0.046
item_ammo_revolver_mor	628.606689 -4832.651367 4.362779	-0.119 -0.019 -0.036
item_ammo_revolver_mor	980.748596 -4566.932617 88.368805	-0.113 -0.019 -0.034
item_ammo_revolver_mor	990.944397 -4577.639160 88.450058	-0.042 -0.020 -0.013
item_ammo_revolver_mor	-1132.833496 -3878.408203 -319.587677	-0.075 -0.020 -0.023
item_ammo_revolver_mor	-1117.338135 -3874.931396 -319.574463	-0.064 -0.020 -0.019
item_ammo_revolver_mor	-1161.006104 -3876.145264 -303.598785	-0.085 -0.020 -0.026
item_ammo_revolver_mor	-1187.020996 -3871.963379 -303.645691	-0.126 -0.019 -0.038
item_ammo_revolver_mor	-1177.563354 -3888.857666 -303.565155	-0.056 -0.020 -0.017
item_ammo_revolver_mor	-1193.717896 -3901.472412 -303.664246	-0.142 -0.019 -0.043
item_ammo_revolver_mor	-1165.384033 -3906.896729 -303.507965	0.096 0.594 0.012
item_ammo_revolver_mor	-59.388180 -781.887817 -175.597305	-0.084 -0.020 -0.025
item_ammo_revolver_mor	-48.022194 -780.025146 -175.597305	-0.084 -0.020 -0.025
item_ammo_revolver_mor	-778.830750 -653.827271 -175.612961	-0.097 -0.020 -0.029
item_ammo_revolver_mor	-749.505920 -654.476135 -175.583832	-0.072 -0.020 -0.022
item_ammo_revolver_mor	812.563965 -1490.401367 -239.641388	-0.122 -0.019 -0.037
item_ammo_revolver_mor	-824.582764 -1855.522827 0.416153	-0.072 -0.020 -0.022
item_ammo_revolver_mor	-805.096375 -1855.957397 0.366826	-0.115 -0.019 -0.035
item_ammo_revolver_mor	232.796509 -1856.609375 0.393574	-0.092 -0.020 -0.028
item_ammo_revolver_mor	215.458633 -1856.739014 0.320287	-0.156 -0.017 -0.047
item_ammo_revolver_mor	-203.030167 -2080.555176 0.352111	-0.128 -0.019 -0.039
item_ammo_revolver_mor	-180.125366 -2079.502441 0.347612	-0.132 -0.019 -0.040
item_ammo_revolver_mor	726.577698 -2452.044189 0.380064	-0.104 -0.020 -0.031
item_ammo_revolver_mor	707.905518 -2449.090088 0.395151	-0.090 -0.020 -0.027
item_ammo_revolver_mor	-829.442566 -3059.989258 0.368805	-0.114 -0.019 -0.034
item_ammo_revolver_mor	-810.016541 -3043.403076 0.380064	-0.104 -0.020 -0.031
item_ammo_revolver_mor	-111.373161 -458.267914 0.354309	-0.126 -0.019 -0.038
item_ammo_revolver_mor	-210.989639 -568.627014 24.430876	-0.059 -0.020 -0.018
item_ammo_revolver_mor	-229.170044 -569.648804 24.328196	-0.149 -0.018 -0.045
item_ammo_revolver_mor	-211.934311 -519.743347 24.381844	-0.102 -0.020 -0.031
item_ammo_revolver_mor	-228.368973 -519.240234 24.325600	-0.151 -0.018 -0.046
item_ammo_revolver_mor	716.319214 449.708832 0.390348	-0.095 -0.020 -0.029
item_ammo_revolver_mor	718.744934 420.357880 0.387023	-0.098 -0.020 -0.030
item_ammo_revolver_mor	-20.933506 -4850.905273 0.354309	-0.126 -0.019 -0.038
item_ammo_revolver_mor	-43.426491 -4849.137207 0.374561	-0.108 -0.020 -0.033
item_ammo_revolver_mor	607.065308 -2869.051758 -175.639282	-0.121 -0.019 -0.036
item_ammo_revolver_mor	628.802734 -2880.531250 -175.580612	-0.134 0.067 -0.008
item_ammo_revolver_mor	976.786804 -2257.400391 -175.623566	-0.107 -0.020 -0.032
item_ammo_revolver_mor	956.170044 -2240.415039 -175.537796	-0.032 -0.020 -0.010
item_ammo_revolver_mor	-617.645264 -3442.789307 0.330753	-0.147 -0.018 -0.044
item_ammo_revolver_mor	-601.372742 -3449.605713 0.364818	-0.117 -0.019 -0.035
item_ammo_revolver_mor	802.072571 -4837.864746 0.340605	-0.138 -0.019 -0.042
item_ammo_revolver_mor	798.889465 -4806.343750 0.433882	-0.057 -0.020 -0.017
item_ammo_revolver_mor	2107.877930 -2181.619141 0.390348	-0.095 -0.020 -0.029
item_ammo_revolver_mor	1733.451050 -682.780640 0.416153	-0.072 -0.020 -0.022
item_ammo_revolver_mor	1700.570923 -686.961914 0.387023	-0.098 -0.020 -0.030
item_ammo_revolver_mor	-1253.178223 -1687.895020 -991.571655	1.571 0.047 -0.100
item_ammo_revolver_mor	1516.759033 -726.635864 -991.532959	-0.350 0.352 -0.312
item_ammo_revolver_mor	1504.808350 -723.991882 -991.627319	-0.110 -0.020 -0.033
item_ammo_revolver_mor	-1010.337524 -2138.972168 0.360709	-0.121 -0.019 -0.036
item_ammo_revolver_mor	-1379.236694 -927.269714 16.472927	-1.413 0.115 -0.626
item_ammo_revolver_mor	-1387.335327 -927.620239 16.412323	-0.075 -0.020 -0.023
item_ammo_revolver_mor	-92.388237 -4583.448242 -175.595871	-0.083 -0.020 -0.025
item_ammo_revolver_mor	-78.057167 -4587.625000 -175.604843	-0.090 -0.020 -0.027
weapon_frag	-60.897202 -1070.380005 -990.000000	0.000 0.000 0.000
weapon_frag	-60.897202 -1070.380005 -990.000000	0.000 0.000 0.000
weapon_frag	113.818283 -3547.971191 -173.889969	-35.965 -56.519 -90.341
weapon_frag	-181.152679 -3070.593750 66.124718	-36.190 -56.300 -90.686
weapon_frag	182.622604 1417.927612 2.146325	-36.520 -55.970 -91.199
weapon_frag	150.585144 1452.759644 2.374134	12.096 -71.220 -95.260
weapon_frag	112.681450 1434.359497 2.119984	-36.117 -56.372 -90.574
weapon_frag	734.156738 1000.727905 2.176038	-36.974 -55.493 -91.919
weapon_frag	-208.089188 1110.645020 2.138105	-36.394 -56.098 -91.003
weapon_frag	91.237274 532.521729 2.122382	-36.154 -56.336 -90.631
weapon_frag	-118.854111 -369.705261 2.119626	-36.112 -56.377 -90.566
weapon_frag	1948.228027 -4335.462402 50.176056	-36.974 -55.495 -91.919
weapon_frag	2315.982422 -4087.302246 82.217232	-37.603 -54.808 -92.941
weapon_frag	2333.847900 -4104.603027 82.177567	-36.997 -55.470 -91.956
weapon_frag	2166.961670 -3540.916992 50.210682	-37.503 -54.922 -92.777
weapon_frag	2165.569336 -3530.729248 50.144318	-36.489 -56.000 -91.151
weapon_frag	730.324890 -1877.595581 34.180508	-37.042 -55.422 -92.028
weapon_frag	854.588196 -1354.885132 2.104772	-35.885 -56.595 -90.218
weapon_frag	888.244812 -1382.054199 2.191460	-37.209 -55.239 -92.298
weapon_frag	886.976318 -1353.126465 2.115054	-36.042 -56.442 -90.458
weapon_frag	-575.570007 -1509.082764 33.996445	-35.236 -57.597 -87.990
weapon_frag	75.343239 -4867.920898 2.013288	13.634 -33.777 -88.387
weapon_frag	111.440132 -4837.560059 2.183395	-37.086 -55.376 -92.099
weapon_frag	1181.791016 -4804.627441 6.140664	-36.433 -49.558 -91.064
weapon_frag	1150.647217 -4831.942383 6.100012	-35.812 -50.137 -90.108
weapon_frag	1150.464722 -4803.144531 6.215640	-37.578 -48.361 -92.901
weapon_frag	1172.598022 -4823.195801 6.119688	-36.113 -49.862 -90.567
weapon_frag	-912.778870 -3598.101318 -237.756134	-35.230 -56.397 -89.072
weapon_frag	732.738159 -1398.932373 -149.850906	-36.562 -49.428 -91.266
weapon_frag	880.994446 -1370.012695 -237.868408	-36.295 -56.197 -90.848
weapon_frag	-564.151123 -2682.028564 2.091711	-35.686 -50.233 -89.915
weapon_frag	-727.857544 -2891.473389 2.161895	-36.758 -49.233 -91.574
weapon_frag	-686.332397 -2874.032471 2.158272	-36.702 -49.291 -91.487
weapon_frag	-641.827881 -381.437469 26.113243	-36.015 -49.957 -90.416
weapon_frag	-629.651489 -388.968475 26.236965	-37.904 -47.994 -93.442
weapon_frag	-231.696640 -431.588257 26.157476	-36.690 -55.795 -91.467
weapon_frag	2495.785645 -2252.934814 2.081692	-35.532 -56.921 -89.685
weapon_frag	1879.931763 -1564.354858 2.186172	-37.129 -55.330 -92.167
weapon_frag	1893.159912 -1589.454834 2.180526	-37.042 -55.424 -92.029
weapon_frag	1590.941772 -1001.620972 -173.792343	-37.457 -54.971 -92.701
weapon_frag	1633.270752 -986.497986 -173.816605	-37.086 -55.374 -92.099
weapon_frag	93.874290 -780.731812 -989.849792	-36.580 -55.905 -91.293
weapon_frag	1589.887207 -629.197632 -989.909607	-35.666 -56.800 -89.886
weapon_frag	-1357.019653 -1487.892822 18.124741	-36.190 -56.301 -90.686
weapon_frag	-552.099426 23.619925 -237.889954	-35.965 -56.520 -90.341
weapon_frag	-526.664551 20.518826 -237.908997	-35.675 -56.795 -89.899
weapon_frag	-524.999634 42.706963 -237.877609	-36.154 -56.337 -90.631
weapon_frag	858.973145 -1140.457397 0.809454	21.601 -21.302 -43.600
weapon_frag	1178.889648 -1996.227783 18.210180	-42.333 -23.160 -94.536
weapon_frag	1110.625244 -755.470398 -990.046326	-36.330 -74.166 -87.411
weapon_frag	169.195770 -3346.821533 -1247.757446	-1.774 -1.635 1.663
weapon_frag	-1579.521973 -2016.446533 -373.856110	-36.483 -49.506 -91.141
weapon_frag	-1577.829956 -2059.251709 -373.894012	-35.904 -50.047 -90.246
weapon_frag	798.006470 -2919.152588 2.115082	-36.043 -56.445 -90.459
player_start	553.172485 -1608.629150 1.543891	-0.068 -0.000 0.068
player_start	272.554230 -1624.655518 1.542175	-0.070 -0.000 0.070
player_start	24.832430 -1432.165649 1.543891	-0.068 -0.000 0.068
player_start	-259.256256 -1621.340576 1.541298	-0.071 0.000 0.071
player_start	13.123279 -1856.899658 1.534771	-0.079 -0.000 0.079
player_start	-654.978760 -1652.811157 1.548738	-0.062 0.000 0.062
player_start	-727.177856 -1786.043823 1.548738	-0.062 0.000 0.062
player_start	-717.787537 -1568.930054 1.532774	-0.081 0.000 0.081
player_start	-201.738678 -1214.933716 -0.457824	-0.070 -0.000 0.070
player_start	342.522522 -1217.086670 -0.472488	-0.088 -0.000 0.088
player_start	1269.705078 -1358.467651 1.534770	-0.079 -0.000 0.079
player_start	1277.323364 -1614.970215 1.564273	-0.043 0.000 0.043
player_start	1278.366211 -1874.786499 1.552456	-0.057 0.000 0.057
player_start	1739.882813 -1907.018188 1.550259	-0.060 0.000 0.060
player_start	2445.830322 -964.788635 1.559096	-0.049 -0.000 0.049
player_start	2420.546387 -2879.418213 1.542177	-0.070 -0.000 0.070
player_start	2379.815430 -2475.876221 1.544730	-0.067 0.000 0.067
player_start	2254.970459 -2289.218506 113.540413	-0.072 -0.000 0.072
player_start	2565.228271 -3287.370361 1.547961	-0.063 0.000 0.063
player_start	2569.402588 -3477.317871 1.589666	-0.010 -0.000 0.015
player_start	2076.683105 -3740.332275 49.544731	-0.066 0.000 0.067
player_start	2230.544189 -3673.776611 49.545559	-0.065 -0.000 0.066
player_start	1998.680664 -3613.365479 49.553169	-0.056 -0.000 0.057
player_start	1417.600708 -3676.387695 129.533783	-0.080 -0.000 0.080
player_start	1435.854492 -3840.816406 129.564529	-0.000 0.029 0.120
player_start	1056.761353 -3664.468994 129.532776	-0.081 0.000 0.081
player_start	757.974731 -3643.800049 129.553162	-0.057 0.000 0.057
player_start	3462.965088 -2002.401001 1.549504	-0.061 -0.000 0.061
player_start	3461.806885 -1712.357422 1.547171	-0.064 0.000 0.064
player_start	3313.741943 -1641.524658 1.562625	-0.045 0.000 0.045
player_start	3241.685547 -2046.831909 1.530718	-0.084 0.000 0.084
player_start	1279.712769 -847.635071 1.528596	-0.086 0.000 0.086
player_start	1300.148071 -396.180145 1.543891	-0.068 -0.000 0.068
player_start	934.609863 3.393864 1.535745	-0.078 -0.000 0.078
player_start	648.837036 -73.285309 1.523007	-0.093 0.000 0.093
player_start	412.536987 -24.960207 1.547961	-0.063 0.000 0.063
player_start	141.333481 -4.714775 1.534350	-0.097 0.101 0.223
player_start	-150.222610 -2.659497 1.535745	-0.078 -0.000 0.078
player_start	-398.518036 -73.518776 1.576531	-0.028 0.000 0.028
player_start	-675.918213 -41.172443 1.525295	-0.090 0.000 0.090
player_start	-913.352661 -6.048042 1.542175	-0.070 -0.000 0.070
player_start	-905.358215 329.226257 1.562625	-0.045 0.000 0.045
player_start	-657.049500 440.996338 1.539503	-0.073 -0.000 0.073
player_start	-393.754639 550.581665 1.544730	-0.067 0.000 0.067
player_start	552.194214 492.389954 1.541295	-0.073 -0.000 0.073
player_start	794.678406 398.429932 1.526411	-0.089 0.000 0.089
player_start	1050.180054 299.273499 1.558476	-0.050 -0.000 0.050
player_start	642.892517 -714.440369 1.551733	-0.058 0.000 0.058
player_start	-617.844666 -537.656860 1.525617	-0.073 -0.000 0.073
player_start	-442.767670 -499.077423 1.534065	-0.064 0.000 0.064
player_start	-739.398865 816.163513 1.548739	-0.062 0.000 0.062
player_start	-565.513916 921.290527 1.540407	-0.072 -0.000 0.072
player_start	-9.366013 1002.254944 1.544730	-0.067 0.000 0.067
player_start	155.850433 1004.189087 1.565330	-0.042 0.000 0.042
player_start	-45.910881 1277.278809 -30.431681	-0.038 0.000 0.038
player_start	122.500076 1266.285767 -30.440905	-0.049 -0.000 0.049
player_start	576.754089 938.578552 1.557835	0.050 -0.000 0.052
player_start	607.305237 777.919739 1.562059	-0.046 0.000 0.046
player_start	12.266688 -225.508698 1.526411	-0.089 0.000 0.089
player_start	15.541580 -467.130463 1.556559	-0.052 -0.000 0.052
player_start	-3.070218 -755.757385 1.569714	-0.036 0.000 0.037
player_start	-6.936628 -2012.495728 -990.436279	-0.044 0.000 0.044
player_start	492.543640 -1994.542358 -990.478210	-0.095 0.000 0.095
player_start	498.142700 -1135.853149 -990.462341	-0.075 -0.000 0.075
player_start	669.821289 -877.891052 -990.463318	-0.076 0.000 0.076
player_start	964.908325 -895.638916 -990.470337	-0.085 0.000 0.085
player_start	1529.502441 -904.970032 -990.454468	-0.066 -0.000 0.066
player_start	879.100708 -1770.087891 -174.434662	-0.042 0.000 0.042
player_start	581.936829 -3138.817871 -174.442154	-0.051 -0.000 0.051
player_start	-127.536125 -2197.220215 -174.455261	-0.067 0.000 0.067
player_start	-381.853607 -1764.314697 -174.429825	-0.036 -0.000 0.036
player_start	-523.033875 -1129.606445 -174.454437	-0.066 -0.000 0.066
player_start	123.954132 -1124.347534 -174.478149	-0.095 0.000 0.095
player_start	-88.733635 -285.463135 -238.467209	-0.081 0.000 0.081
player_start	-715.167358 -446.033752 -174.462341	-0.075 -0.000 0.075
player_start	543.768127 -441.618896 -174.439087	-0.047 -0.000 0.047
player_start	845.783997 -1149.692627 -174.444092	-0.053 0.000 0.053
player_start	599.705017 -1335.462646 -174.467224	-0.081 0.000 0.081
player_start	1393.982910 -1556.854736 -174.437378	-0.044 0.000 0.046
player_start	741.177917 -3622.356934 -174.434143	-0.041 -0.000 0.041
player_start	884.870667 -2633.625732 -174.450485	-0.061 -0.000 0.061
player_start	-129.492096 -2647.896240 -174.464249	-0.078 -0.000 0.078
player_start	-892.498535 -3198.661621 -318.472504	-0.088 -0.000 0.088
player_start	-1008.020447 -3692.306396 -318.449005	-0.059 0.000 0.060
player_start	-581.296570 -3436.261230 129.548737	-0.062 0.000 0.062
player_start	-1286.350464 -3782.870361 129.560898	-0.047 -0.000 0.047
player_start	-1023.485718 -3738.417236 1.542175	-0.070 -0.000 0.070
player_start	-742.539551 -3802.991455 1.539913	0.250 0.064 -0.059
player_start	-675.091492 -3634.048828 1.569713	0.041 0.002 -0.055
player_start	-678.308716 -4269.105469 1.536706	-0.076 0.000 0.076
player_start	-1147.948975 -4271.498535 1.549504	-0.061 -0.000 0.061
player_start	-1166.251465 -4688.000000 1.596059	0.028 -0.001 0.016
player_start	-683.901306 -4702.144043 1.548738	-0.062 0.000 0.062
player_start	-30.509872 -4613.418945 1.530717	-0.084 0.000 0.084
player_start	940.411072 -4685.898926 1.552455	-0.057 -0.000 0.058
player_start	1284.276001 -4677.242188 1.571048	-0.034 0.000 0.036
player_start	1224.098633 -4263.459961 1.536706	-0.076 0.000 0.076
player_start	784.491760 -4293.917480 1.527512	-0.088 -0.000 0.088
player_start	959.027588 -3685.663330 1.550259	-0.060 0.000 0.060
player_start	1193.902710 -3695.093994 1.533779	-0.080 -0.000 0.080
player_start	1156.734619 -3449.086182 1.559707	-0.049 -0.000 0.049
player_start	-1220.205811 -1771.957520 1.566990	0.106 0.168 0.035
player_start	-1222.707886 -1973.305420 1.526827	-0.044 0.058 0.164
player_start	-1364.471924 -1848.053101 1.557208	-0.052 -0.000 0.052
player_start	-1229.928711 -1385.617188 1.543891	-0.068 -0.000 0.068
player_start	6.697837 -2105.280762 1.571904	-0.034 0.000 0.034
player_start	224.049500 -2523.936279 1.575081	-0.030 -0.000 0.030
player_start	541.363770 -2526.843018 1.574322	-0.031 -0.000 0.031
player_start	899.672607 -2530.427979 1.545556	-0.066 -0.000 0.066
player_start	-225.215546 -2531.471436 1.559706	-0.049 -0.000 0.049
player_start	-505.596680 -2531.116455 1.538584	-0.074 -0.000 0.074
player_start	-991.002319 -2529.710205 1.564273	-0.043 0.000 0.043
player_start	-866.100830 -2844.521729 1.542426	-0.056 0.000 0.056
player_start	-601.459778 -2859.913574 1.551504	-0.055 0.146 0.150
player_start	-1218.208984 -2435.614746 1.531753	-0.082 -0.000 0.082
player_start	-1188.241333 -2970.482666 1.540407	-0.072 -0.000 0.072
player_start	-777.927612 -3225.370850 1.567839	-0.039 -0.000 0.039
player_start	-394.599365 -3231.158447 1.555901	-0.053 0.000 0.053
player_start	-128.992661 -3721.865967 1.528596	-0.086 0.000 0.086
player_start	134.147095 -3755.054199 1.544794	-0.226 0.028 -0.051
player_start	295.435822 -3270.337402 1.538585	-0.074 -0.000 0.074
player_start	101.106468 -3272.672607 1.530717	-0.084 0.000 0.084
player_start	-70.172554 -3292.096680 1.531754	-0.082 -0.000 0.083
player_start	262.175751 -4628.460938 1.525294	-0.090 0.000 0.090
player_start	-181.791824 -4277.645508 1.566357	-0.041 -0.000 0.041
player_start	168.148224 -4198.353027 1.547171	-0.064 0.000 0.064
player_start	2132.817627 -4189.213379 49.580391	-0.010 -0.000 0.037
player_start	1855.240356 -4202.822754 49.535748	-0.077 -0.000 0.078
player_start	887.123962 -3522.647949 -175.471146	-0.231 -0.070 -0.035
player_start	590.959656 -2990.682373 -175.451248	-0.062 -0.000 0.062
weapon_mor_usp	1125.086304 -2022.884521 17.002008	0.634 -34.395 -90.704
